378 225
379 225
380 225
381 225
382 225
383 225
384 225
385 225
386 225
387 225
388 225
389 225
390 225
391 225
392 225
393 225
394 225
395 225
396 225
397 225
398 225
399 225
400 225
401 225
402 225
403 225
404 225
405 225
406 225
407 225
408 225
409 225
410 225
411 225
412 225
413 225
414 225
415 225
416 225
417 225
418 225
419 225
420 225
421 225
422 225
423 225
424 225
425 225
426 225
427 225
428 225
429 225
430 225
431 225
432 225
433 225
434 225
435 225
436 225
437 225
438 225
439 225
440 225
441 225
442 225
443 225
444 225
445 225
446 225
447 225
448 225
449 225
450 225
451 225
452 225
453 225
454 225
455 225
456 225
457 225
458 225
459 225
460 225
461 225
462 225
463 225
464 225
465 225
466 225
467 225
468 225
469 225
470 225
471 225
472 225
473 225
474 225
475 225
476 225
477 225
478 225
479 225
480 225
481 225
482 225
483 225
484 225
485 225
486 225
487 225
488 225
489 225
490 225
491 225
492 225
493 225
494 225
495 225
377 327
378 327
379 327
380 327
381 327
382 327
383 327
384 327
385 327
386 327
387 327
388 327
389 327
390 327
391 327
392 327
393 327
394 327
395 327
396 327
397 327
398 327
399 327
400 327
401 327
402 327
403 327
404 327
405 327
406 327
407 327
408 327
409 327
410 327
411 327
412 327
413 327
414 327
415 327
416 327
417 327
418 327
419 327
420 327
421 327
422 327
423 327
424 327
425 327
426 327
427 327
428 327
429 327
430 327
431 327
432 327
433 327
434 327
435 327
436 327
437 327
438 327
439 327
440 327
441 327
442 327
443 327
444 327
445 327
446 327
447 327
448 327
449 327
450 327
451 327
452 327
453 327
454 327
455 327
456 327
457 327
458 327
459 327
460 327
461 327
462 327
463 327
464 327
465 327
466 327
467 327
468 327
469 327
470 327
471 327
472 327
473 327
474 327
475 327
476 327
477 327
478 327
479 327
480 327
481 327
482 327
483 327
484 327
485 327
486 327
487 327
344 347
345 347
346 347
347 347
348 347
349 347
350 347
351 347
352 347
353 347
354 347
355 347
356 347
357 347
358 347
359 347
360 347
361 347
362 347
363 347
364 347
365 347
366 347
367 347
368 347
369 347
370 347
371 347
372 347
373 347
374 347
375 347
376 347
377 347
378 347
379 347
380 347
381 347
382 347
383 347
384 347
385 347
386 347
387 347
388 347
389 347
390 347
391 347
392 347
393 347
394 347
395 347
396 347
397 347
398 347
399 347
400 347
401 347
402 347
403 347
404 347
405 347
406 347
407 347
408 347
409 347
410 347
411 347
412 347
413 347
414 347
415 347
416 347
417 347
418 347
419 347
420 347
421 347
422 347
423 347
424 347
425 347
426 347
427 347
428 347
429 347
430 347
431 347
432 347
433 347
434 347
435 347
436 347
437 347
438 347
439 347
440 347
441 347
442 347
443 347
444 347
445 347
446 347
447 347
448 347
449 347
450 347
451 347
452 347
453 347
454 347
455 347
456 347
457 347
458 347
459 347
460 347
461 347
462 347
463 347
464 347
465 347
466 347
467 347
468 347
469 347
470 347
471 347
472 347
473 347
474 347
475 347
476 347
477 347
478 347
479 347
480 347
481 347
482 347
483 347
484 347
485 347
486 347
487 347
488 347
489 347
490 347
491 347
492 347
493 347
494 347
495 347
496 347
497 347
498 347
499 347
500 347
501 347
502 347
503 347
504 347
505 347
506 347
507 347
508 347
509 347
510 347
511 347
512 347
513 347
514 347
515 347
516 347
517 347
518 347
519 347
520 347
521 347
522 347
523 347
524 347
525 347
526 347
527 347
528 347
529 347
377 368
378 368
379 368
380 368
381 368
382 368
383 368
384 368
385 368
386 368
387 368
388 368
389 368
390 368
391 368
392 368
393 368
394 368
395 368
396 368
397 368
398 368
399 368
400 368
401 368
402 368
403 368
404 368
405 368
406 368
407 368
408 368
409 368
410 368
411 368
412 368
413 368
414 368
415 368
416 368
417 368
418 368
419 368
420 368
421 368
422 368
423 368
424 368
425 368
426 368
427 368
428 368
429 368
430 368
431 368
432 368
433 368
434 368
435 368
436 368
437 368
438 368
439 368
440 368
441 368
442 368
443 368
444 368
445 368
446 368
447 368
448 368
449 368
450 368
451 368
452 368
453 368
454 368
455 368
456 368
457 368
458 368
459 368
460 368
461 368
462 368
463 368
464 368
465 368
466 368
467 368
468 368
469 368
470 368
471 368
472 368
473 368
474 368
475 368
476 368
477 368
478 368
479 368
480 368
481 368
482 368
387 381
388 381
389 381
390 381
391 381
392 381
393 381
394 381
395 381
396 381
397 381
398 381
399 381
400 381
401 381
402 381
403 381
404 381
405 381
406 381
407 381
408 381
409 381
410 381
411 381
412 381
413 381
414 381
415 381
416 381
417 381
418 381
419 381
420 381
421 381
422 381
423 381
424 381
425 381
426 381
427 381
428 381
429 381
430 381
431 381
432 381
433 381
434 381
435 381
436 381
437 381
438 381
439 381
440 381
441 381
442 381
443 381
444 381
445 381
446 381
447 381
448 381
449 381
450 381
451 381
452 381
453 381
454 381
455 381
456 381
457 381
458 381
459 381
460 381
461 381
462 381
463 381
464 381
465 381
466 381
467 381
378 416
379 416
380 416
381 416
382 416
383 416
384 416
385 416
386 416
387 416
388 416
389 416
390 416
391 416
392 416
393 416
394 416
395 416
396 416
397 416
398 416
399 416
400 416
401 416
402 416
403 416
404 416
405 416
406 416
407 416
408 416
409 416
410 416
411 416
412 416
413 416
414 416
415 416
416 416
417 416
418 416
419 416
420 416
421 416
422 416
423 416
424 416
425 416
426 416
427 416
428 416
429 416
430 416
431 416
432 416
433 416
434 416
435 416
436 416
437 416
438 416
439 416
440 416
441 416
442 416
443 416
444 416
445 416
446 416
447 416
448 416
449 416
450 416
451 416
452 416
453 416
454 416
455 416
456 416
457 416
458 416
459 416
460 416
461 416
462 416
463 416
464 416
465 416
466 416
467 416
468 416
469 416
470 416
471 416
472 416
473 416
474 416
475 416
476 416
390 434
391 434
392 434
393 434
394 434
395 434
396 434
397 434
398 434
399 434
400 434
401 434
402 434
403 434
404 434
405 434
406 434
407 434
408 434
409 434
410 434
411 434
412 434
413 434
414 434
415 434
416 434
417 434
418 434
419 434
420 434
421 434
422 434
423 434
424 434
425 434
426 434
427 434
428 434
429 434
430 434
431 434
432 434
433 434
434 434
435 434
436 434
437 434
438 434
439 434
440 434
441 434
442 434
443 434
444 434
445 434
446 434
447 434
448 434
449 434
450 434
451 434
452 434
453 434
454 434
455 434
456 434
457 434
458 434
376 459
377 459
378 459
379 459
380 459
381 459
382 459
383 459
384 459
385 459
386 459
387 459
388 459
389 459
390 459
391 459
392 459
393 459
394 459
395 459
396 459
397 459
398 459
399 459
400 459
401 459
402 459
403 459
404 459
405 459
406 459
407 459
408 459
409 459
410 459
411 459
412 459
413 459
414 459
415 459
416 459
417 459
418 459
419 459
420 459
421 459
422 459
423 459
424 459
425 459
426 459
427 459
428 459
429 459
430 459
431 459
432 459
433 459
434 459
435 459
436 459
437 459
438 459
439 459
440 459
441 459
442 459
443 459
444 459
445 459
446 459
447 459
448 459
449 459
450 459
451 459
452 459
453 459
454 459
455 459
456 459
457 459
458 459
459 459
460 459
461 459
462 459
463 459
464 459
465 459
466 459
467 459
468 459
469 459
470 459
471 459
472 459
473 459
474 459
377 515
378 515
379 515
380 515
381 515
382 515
383 515
384 515
385 515
386 515
387 515
388 515
389 515
390 515
391 515
392 515
393 515
394 515
395 515
396 515
397 515
398 515
399 515
400 515
401 515
402 515
403 515
404 515
405 515
406 515
407 515
408 515
409 515
410 515
411 515
412 515
413 515
414 515
415 515
416 515
417 515
418 515
419 515
420 515
421 515
422 515
423 515
424 515
425 515
426 515
427 515
428 515
429 515
430 515
431 515
432 515
433 515
434 515
435 515
436 515
437 515
438 515
439 515
440 515
441 515
442 515
443 515
444 515
445 515
446 515
447 515
448 515
449 515
450 515
451 515
452 515
453 515
454 515
455 515
456 515
457 515
458 515
459 515
460 515
461 515
462 515
463 515
464 515
465 515
466 515
467 515
468 515
382 555
383 555
384 555
385 555
386 555
387 555
388 555
389 555
390 555
391 555
392 555
393 555
394 555
395 555
396 555
397 555
398 555
399 555
400 555
401 555
402 555
403 555
404 555
405 555
406 555
407 555
408 555
409 555
410 555
411 555
412 555
413 555
414 555
415 555
416 555
417 555
418 555
419 555
420 555
421 555
422 555
423 555
424 555
425 555
426 555
427 555
428 555
429 555
430 555
431 555
432 555
433 555
434 555
435 555
436 555
437 555
438 555
439 555
440 555
441 555
442 555
443 555
444 555
445 555
446 555
447 555
448 555
449 555
450 555
451 555
452 555
453 555
454 555
455 555
456 555
457 555
386 615
387 615
388 615
389 615
390 615
391 615
392 615
393 615
394 615
395 615
396 615
397 615
398 615
399 615
400 615
401 615
402 615
403 615
404 615
405 615
406 615
407 615
408 615
409 615
410 615
411 615
412 615
413 615
414 615
415 615
416 615
417 615
418 615
419 615
420 615
421 615
422 615
423 615
424 615
425 615
426 615
427 615
428 615
429 615
430 615
431 615
432 615
433 615
434 615
435 615
436 615
437 615
438 615
439 615
440 615
441 615
442 615
443 615
444 615
445 615
387 621
388 621
389 621
390 621
391 621
392 621
393 621
394 621
395 621
396 621
397 621
398 621
399 621
400 621
401 621
402 621
403 621
404 621
405 621
406 621
407 621
408 621
409 621
410 621
411 621
412 621
413 621
414 621
415 621
416 621
417 621
418 621
419 621
420 621
421 621
422 621
423 621
424 621
425 621
426 621
427 621
428 621
429 621
430 621
431 621
432 621
433 621
434 621
435 621
436 621
437 621
438 621
439 621
440 621
441 621
442 621
443 621
385 626
386 626
387 626
388 626
389 626
390 626
391 626
392 626
393 626
394 626
395 626
396 626
397 626
398 626
399 626
400 626
401 626
402 626
403 626
404 626
405 626
406 626
407 626
408 626
409 626
410 626
411 626
412 626
413 626
414 626
415 626
416 626
417 626
418 626
419 626
420 626
421 626
422 626
423 626
424 626
425 626
426 626
427 626
428 626
429 626
430 626
431 626
432 626
433 626
434 626
435 626
436 626
437 626
438 626
439 626
440 626
441 626
442 626
443 626
444 626
445 626
386 631
387 631
388 631
389 631
390 631
391 631
392 631
393 631
394 631
395 631
396 631
397 631
398 631
399 631
400 631
401 631
402 631
403 631
404 631
405 631
406 631
407 631
408 631
409 631
410 631
411 631
412 631
413 631
414 631
415 631
416 631
417 631
418 631
419 631
420 631
421 631
422 631
423 631
424 631
425 631
426 631
427 631
428 631
429 631
430 631
431 631
432 631
433 631
434 631
435 631
436 631
437 631
438 631
439 631
440 631
441 631
442 631
443 631
444 631
381 746
382 746
383 746
384 746
385 746
386 746
387 746
388 746
389 746
390 746
391 746
392 746
393 746
394 746
395 746
396 746
397 746
398 746
399 746
400 746
401 746
402 746
403 746
404 746
405 746
406 746
407 746
408 746
409 746
410 746
411 746
412 746
413 746
414 746
415 746
416 746
417 746
418 746
419 746
420 746
421 746
422 746
423 746
424 746
425 746
426 746
427 746
428 746
429 746
430 746
431 746
432 746
433 746
434 746
435 746
436 746
437 746
438 746
439 746
321 776
322 776
323 776
324 776
325 776
326 776
327 776
328 776
329 776
330 776
331 776
332 776
333 776
334 776
335 776
336 776
337 776
338 776
339 776
340 776
341 776
342 776
343 776
344 776
345 776
346 776
347 776
348 776
349 776
350 776
351 776
352 776
353 776
354 776
355 776
356 776
357 776
358 776
359 776
360 776
361 776
362 776
363 776
364 776
365 776
366 776
367 776
368 776
369 776
370 776
371 776
372 776
373 776
374 776
375 776
376 776
377 776
378 776
379 776
380 776
381 776
382 776
383 776
384 776
385 776
386 776
387 776
388 776
389 776
390 776
391 776
392 776
393 776
394 776
395 776
396 776
397 776
398 776
399 776
400 776
401 776
402 776
403 776
404 776
405 776
406 776
407 776
408 776
409 776
410 776
411 776
412 776
413 776
414 776
415 776
416 776
417 776
418 776
419 776
420 776
421 776
422 776
423 776
424 776
425 776
426 776
427 776
428 776
429 776
430 776
431 776
432 776
433 776
434 776
435 776
436 776
437 776
438 776
439 776
440 776
441 776
442 776
443 776
444 776
445 776
446 776
447 776
448 776
449 776
450 776
451 776
452 776
453 776
454 776
455 776
456 776
457 776
458 776
459 776
460 776
461 776
462 776
463 776
464 776
465 776
466 776
467 776
468 776
469 776
470 776
471 776
472 776
473 776
474 776
475 776
476 776
477 776
478 776
479 776
480 776
481 776
482 776
483 776
484 776
485 776
486 776
487 776
488 776
489 776
490 776
491 776
492 776
493 776
494 776
495 776
496 776
497 776
498 776
499 776
500 776
501 776
502 776
503 776
504 776
505 776
506 776
507 776
508 776
509 776
510 776
511 776
512 776
513 776
514 776
515 776
516 776
517 776
518 776
262 782
263 782
264 782
265 782
266 782
267 782
268 782
269 782
270 782
271 782
272 782
273 782
274 782
275 782
276 782
277 782
278 782
279 782
280 782
281 782
282 782
283 782
284 782
285 782
286 782
287 782
288 782
289 782
290 782
291 782
292 782
293 782
294 782
295 782
296 782
297 782
298 782
299 782
300 782
301 782
302 782
303 782
304 782
305 782
306 782
307 782
308 782
309 782
310 782
311 782
312 782
313 782
314 782
315 782
316 782
317 782
318 782
319 782
320 782
321 782
322 782
323 782
324 782
325 782
326 782
327 782
328 782
329 782
330 782
331 782
332 782
333 782
334 782
335 782
336 782
337 782
338 782
339 782
340 782
341 782
342 782
343 782
344 782
345 782
346 782
347 782
348 782
349 782
350 782
351 782
352 782
353 782
354 782
355 782
356 782
357 782
358 782
359 782
360 782
361 782
362 782
363 782
364 782
365 782
366 782
367 782
368 782
369 782
370 782
371 782
372 782
373 782
374 782
375 782
376 782
377 782
378 782
379 782
380 782
381 782
382 782
383 782
384 782
385 782
386 782
387 782
388 782
389 782
390 782
391 782
392 782
393 782
394 782
395 782
396 782
397 782
398 782
399 782
400 782
401 782
402 782
403 782
404 782
405 782
406 782
407 782
408 782
409 782
410 782
411 782
412 782
413 782
414 782
415 782
416 782
417 782
418 782
419 782
420 782
421 782
422 782
423 782
424 782
425 782
426 782
427 782
428 782
429 782
430 782
431 782
432 782
433 782
434 782
435 782
436 782
437 782
438 782
439 782
440 782
441 782
442 782
443 782
444 782
445 782
446 782
447 782
448 782
449 782
450 782
451 782
452 782
453 782
454 782
455 782
456 782
457 782
458 782
459 782
460 782
461 782
462 782
463 782
464 782
465 782
466 782
467 782
468 782
469 782
470 782
471 782
472 782
473 782
474 782
475 782
476 782
477 782
478 782
479 782
480 782
481 782
482 782
483 782
484 782
485 782
486 782
487 782
488 782
489 782
490 782
491 782
492 782
493 782
494 782
495 782
496 782
497 782
498 782
499 782
500 782
501 782
502 782
503 782
504 782
505 782
506 782
507 782
508 782
509 782
510 782
511 782
512 782
513 782
514 782
515 782
516 782
517 782
518 782
519 782
520 782
521 782
522 782
523 782
524 782
525 782
526 782
527 782
528 782
529 782
530 782
531 782
532 782
533 782
534 782
535 782
536 782
537 782
538 782
539 782
540 782
541 782
542 782
543 782
544 782
545 782
546 782
547 782
548 782
549 782
550 782
551 782
552 782
553 782
554 782
555 782
556 782
557 782
558 782
559 782
560 782
561 782
562 782
563 782
564 782
565 782
566 782
567 782
568 782
569 782
570 782
571 782
572 782
573 782
574 782
575 782
576 782
577 782
578 782
579 782
580 782
581 782
582 782
583 782
584 782
585 782
586 782
587 782
588 782
589 782
590 782
591 782
592 782
593 782
594 782
595 782
324 791
325 791
326 791
327 791
328 791
329 791
330 791
331 791
332 791
333 791
334 791
335 791
336 791
337 791
338 791
339 791
340 791
341 791
342 791
343 791
344 791
345 791
346 791
347 791
348 791
349 791
350 791
351 791
352 791
353 791
354 791
355 791
356 791
357 791
358 791
359 791
360 791
361 791
362 791
363 791
364 791
365 791
366 791
367 791
368 791
369 791
370 791
371 791
372 791
373 791
374 791
375 791
376 791
377 791
378 791
379 791
380 791
381 791
382 791
383 791
384 791
385 791
386 791
387 791
388 791
389 791
390 791
391 791
392 791
393 791
394 791
395 791
396 791
397 791
398 791
399 791
400 791
401 791
402 791
403 791
404 791
405 791
406 791
407 791
408 791
409 791
410 791
411 791
412 791
413 791
414 791
415 791
416 791
417 791
418 791
419 791
420 791
421 791
422 791
423 791
424 791
425 791
426 791
427 791
428 791
429 791
430 791
431 791
432 791
433 791
434 791
435 791
436 791
437 791
438 791
439 791
440 791
441 791
442 791
443 791
444 791
445 791
446 791
447 791
448 791
449 791
450 791
451 791
452 791
453 791
454 791
455 791
456 791
457 791
458 791
459 791
460 791
461 791
462 791
463 791
464 791
465 791
466 791
467 791
468 791
469 791
470 791
471 791
472 791
473 791
474 791
475 791
476 791
477 791
478 791
479 791
480 791
481 791
482 791
483 791
484 791
485 791
486 791
487 791
488 791
489 791
490 791
491 791
492 791
493 791
494 791
495 791
496 791
497 791
498 791
499 791
500 791
501 791
502 791
503 791
504 791
505 791
506 791
507 791
508 791
509 791
510 791
511 791
378 800
379 800
380 800
381 800
382 800
383 800
384 800
385 800
386 800
387 800
388 800
389 800
390 800
391 800
392 800
393 800
394 800
395 800
396 800
397 800
398 800
399 800
400 800
401 800
402 800
403 800
404 800
405 800
406 800
407 800
408 800
409 800
410 800
411 800
412 800
413 800
414 800
415 800
416 800
417 800
418 800
419 800
420 800
421 800
422 800
423 800
424 800
425 800
426 800
427 800
428 800
429 800
430 800
431 800
432 800
433 800
434 800
435 800
436 800
437 800
328 819
329 819
330 819
331 819
332 819
333 819
334 819
335 819
336 819
337 819
338 819
339 819
340 819
341 819
342 819
343 819
344 819
345 819
346 819
347 819
348 819
349 819
350 819
351 819
352 819
353 819
354 819
355 819
356 819
357 819
358 819
359 819
360 819
361 819
362 819
363 819
364 819
365 819
366 819
367 819
368 819
369 819
370 819
371 819
372 819
373 819
374 819
375 819
376 819
377 819
378 819
379 819
380 819
381 819
382 819
383 819
384 819
385 819
386 819
387 819
388 819
389 819
390 819
391 819
392 819
393 819
394 819
395 819
396 819
397 819
398 819
399 819
400 819
401 819
402 819
403 819
404 819
405 819
406 819
407 819
408 819
409 819
410 819
411 819
412 819
413 819
414 819
415 819
416 819
417 819
418 819
419 819
420 819
421 819
422 819
423 819
424 819
425 819
426 819
427 819
428 819
429 819
430 819
431 819
432 819
433 819
434 819
435 819
436 819
437 819
438 819
439 819
440 819
441 819
442 819
443 819
444 819
445 819
446 819
447 819
448 819
449 819
450 819
451 819
452 819
453 819
454 819
455 819
456 819
457 819
458 819
459 819
460 819
461 819
462 819
463 819
464 819
465 819
466 819
467 819
468 819
469 819
470 819
471 819
472 819
473 819
474 819
475 819
476 819
477 819
478 819
479 819
480 819
481 819
482 819
483 819
484 819
485 819
486 819
487 819
488 819
489 819
490 819
491 819
492 819
493 819
494 819
495 819
496 819
497 819
498 819
499 819
500 819
501 819
502 819
503 819
504 819
384 821
385 821
386 821
387 821
388 821
389 821
390 821
391 821
392 821
393 821
394 821
395 821
396 821
397 821
398 821
399 821
400 821
401 821
402 821
403 821
404 821
405 821
406 821
407 821
408 821
409 821
410 821
411 821
412 821
413 821
414 821
415 821
416 821
417 821
418 821
419 821
420 821
421 821
422 821
423 821
424 821
425 821
426 821
427 821
373 868
374 868
375 868
376 868
377 868
378 868
379 868
380 868
381 868
382 868
383 868
384 868
385 868
386 868
387 868
388 868
389 868
390 868
391 868
392 868
393 868
394 868
395 868
396 868
397 868
398 868
399 868
400 868
401 868
402 868
403 868
404 868
405 868
406 868
407 868
408 868
409 868
410 868
411 868
412 868
413 868
414 868
415 868
416 868
417 868
418 868
419 868
420 868
421 868
422 868
423 868
424 868
425 868
426 868
427 868
428 868
429 868
430 868
431 868
432 868
433 868
434 868
435 868
436 868
437 868
438 868
375 871
376 871
377 871
378 871
379 871
380 871
381 871
382 871
383 871
384 871
385 871
386 871
387 871
388 871
389 871
390 871
391 871
392 871
393 871
394 871
395 871
396 871
397 871
398 871
399 871
400 871
401 871
402 871
403 871
404 871
405 871
406 871
407 871
408 871
409 871
410 871
411 871
412 871
413 871
414 871
415 871
416 871
417 871
418 871
419 871
420 871
421 871
422 871
423 871
424 871
425 871
426 871
427 871
428 871
429 871
430 871
431 871
432 871
433 871
434 871
435 871
272 953
273 953
274 953
275 953
276 953
277 953
278 953
279 953
280 953
281 953
282 953
283 953
284 953
285 953
286 953
287 953
288 953
289 953
290 953
291 953
292 953
293 953
294 953
295 953
296 953
297 953
298 953
299 953
300 953
301 953
302 953
303 953
304 953
305 953
306 953
307 953
308 953
309 953
310 953
311 953
312 953
313 953
314 953
315 953
316 953
317 953
318 953
319 953
320 953
321 953
322 953
323 953
324 953
325 953
326 953
327 953
328 953
329 953
330 953
331 953
332 953
333 953
334 953
335 953
336 953
337 953
338 953
339 953
340 953
341 953
342 953
343 953
344 953
345 953
346 953
347 953
348 953
349 953
350 953
351 953
352 953
353 953
354 953
355 953
356 953
357 953
358 953
359 953
360 953
361 953
362 953
363 953
364 953
365 953
366 953
367 953
368 953
369 953
370 953
371 953
372 953
373 953
374 953
375 953
376 953
377 953
378 953
379 953
380 953
381 953
382 953
383 953
384 953
385 953
386 953
387 953
388 953
389 953
390 953
391 953
392 953
393 953
394 953
395 953
396 953
397 953
398 953
399 953
400 953
401 953
402 953
403 953
404 953
405 953
406 953
407 953
408 953
409 953
410 953
411 953
412 953
413 953
414 953
415 953
416 953
417 953
418 953
419 953
420 953
421 953
422 953
423 953
424 953
425 953
426 953
427 953
428 953
429 953
430 953
431 953
432 953
433 953
434 953
435 953
436 953
437 953
438 953
439 953
440 953
441 953
442 953
443 953
444 953
445 953
446 953
447 953
448 953
449 953
450 953
451 953
452 953
453 953
454 953
455 953
456 953
457 953
458 953
459 953
460 953
461 953
462 953
463 953
464 953
465 953
466 953
467 953
468 953
469 953
470 953
471 953
472 953
473 953
474 953
475 953
476 953
477 953
478 953
479 953
480 953
481 953
482 953
483 953
484 953
485 953
486 953
487 953
488 953
489 953
490 953
491 953
492 953
493 953
494 953
495 953
496 953
497 953
498 953
499 953
500 953
501 953
502 953
503 953
504 953
505 953
506 953
507 953
508 953
509 953
510 953
511 953
512 953
513 953
514 953
515 953
516 953
517 953
518 953
519 953
520 953
521 953
522 953
523 953
524 953
525 953
526 953
527 953
528 953
529 953
530 953
531 953
532 953
533 953
534 953
535 953
536 953
537 953
538 953
539 953
540 953
541 953
542 953
543 953
544 953
545 953
546 953
547 953
548 953
549 953
550 953
551 953
552 953
553 953
554 953
555 953
556 953
557 953
558 953
559 953
560 953
561 953
562 953
563 953
564 953
565 953
370 979
371 979
372 979
373 979
374 979
375 979
376 979
377 979
378 979
379 979
380 979
381 979
382 979
383 979
384 979
385 979
386 979
387 979
388 979
389 979
390 979
391 979
392 979
393 979
394 979
395 979
396 979
397 979
398 979
399 979
400 979
401 979
402 979
403 979
404 979
405 979
406 979
407 979
408 979
409 979
410 979
411 979
412 979
413 979
414 979
415 979
416 979
417 979
418 979
419 979
420 979
421 979
422 979
423 979
424 979
425 979
426 979
427 979
428 979
429 979
430 979
431 979
107 980
108 980
109 980
110 980
111 980
112 980
113 980
114 980
115 980
116 980
117 980
118 980
119 980
120 980
121 980
122 980
123 980
124 980
125 980
126 980
127 980
128 980
129 980
130 980
131 980
132 980
133 980
134 980
135 980
136 980
137 980
138 980
139 980
140 980
141 980
142 980
143 980
144 980
145 980
146 980
147 980
148 980
149 980
150 980
151 980
152 980
153 980
154 980
155 980
156 980
157 980
158 980
159 980
160 980
161 980
162 980
163 980
164 980
165 980
166 980
167 980
168 980
169 980
170 980
171 980
172 980
173 980
174 980
175 980
176 980
177 980
178 980
179 980
180 980
181 980
182 980
183 980
184 980
185 980
186 980
187 980
188 980
189 980
190 980
191 980
192 980
193 980
194 980
195 980
196 980
197 980
198 980
199 980
200 980
201 980
202 980
203 980
204 980
205 980
206 980
207 980
208 980
209 980
210 980
211 980
212 980
213 980
214 980
215 980
216 980
217 980
218 980
219 980
220 980
221 980
222 980
223 980
224 980
225 980
226 980
227 980
228 980
229 980
230 980
231 980
232 980
233 980
234 980
235 980
236 980
237 980
238 980
239 980
240 980
241 980
242 980
243 980
244 980
245 980
246 980
247 980
248 980
249 980
250 980
251 980
252 980
253 980
254 980
255 980
256 980
257 980
258 980
259 980
260 980
261 980
262 980
263 980
264 980
265 980
266 980
267 980
268 980
269 980
270 980
271 980
272 980
273 980
274 980
275 980
276 980
277 980
278 980
279 980
280 980
281 980
282 980
283 980
284 980
285 980
286 980
287 980
288 980
289 980
290 980
291 980
292 980
293 980
294 980
295 980
296 980
297 980
298 980
299 980
300 980
301 980
302 980
303 980
304 980
305 980
306 980
307 980
308 980
309 980
310 980
311 980
312 980
313 980
314 980
315 980
316 980
317 980
318 980
319 980
320 980
321 980
322 980
323 980
324 980
325 980
326 980
327 980
328 980
329 980
330 980
331 980
332 980
333 980
334 980
335 980
336 980
337 980
338 980
339 980
340 980
341 980
342 980
343 980
344 980
345 980
346 980
347 980
348 980
349 980
350 980
351 980
352 980
353 980
354 980
355 980
356 980
357 980
358 980
359 980
360 980
361 980
362 980
363 980
364 980
365 980
366 980
367 980
368 980
369 980
370 980
371 980
372 980
373 980
374 980
375 980
376 980
377 980
378 980
379 980
380 980
381 980
382 980
383 980
384 980
385 980
386 980
387 980
388 980
389 980
390 980
391 980
392 980
393 980
394 980
395 980
396 980
397 980
398 980
399 980
400 980
401 980
402 980
403 980
404 980
405 980
406 980
407 980
408 980
409 980
410 980
411 980
412 980
413 980
414 980
415 980
416 980
417 980
418 980
419 980
420 980
421 980
422 980
423 980
424 980
425 980
426 980
427 980
428 980
429 980
430 980
431 980
432 980
433 980
434 980
435 980
436 980
437 980
438 980
439 980
440 980
441 980
442 980
443 980
444 980
445 980
446 980
447 980
448 980
449 980
450 980
451 980
452 980
453 980
454 980
455 980
456 980
457 980
458 980
459 980
460 980
461 980
462 980
463 980
464 980
465 980
466 980
467 980
468 980
469 980
470 980
471 980
472 980
473 980
474 980
475 980
476 980
477 980
478 980
479 980
480 980
481 980
482 980
483 980
484 980
485 980
486 980
487 980
488 980
489 980
490 980
491 980
492 980
493 980
494 980
495 980
496 980
497 980
498 980
499 980
500 980
501 980
502 980
503 980
504 980
505 980
506 980
507 980
508 980
509 980
510 980
511 980
512 980
513 980
514 980
515 980
516 980
517 980
518 980
519 980
520 980
521 980
522 980
523 980
524 980
525 980
526 980
527 980
528 980
529 980
530 980
531 980
532 980
533 980
534 980
535 980
536 980
537 980
538 980
539 980
540 980
541 980
542 980
543 980
544 980
545 980
546 980
547 980
548 980
549 980
550 980
551 980
552 980
553 980
554 980
555 980
556 980
557 980
558 980
559 980
560 980
561 980
562 980
563 980
564 980
565 980
566 980
567 980
568 980
569 980
570 980
571 980
572 980
573 980
574 980
575 980
576 980
577 980
578 980
579 980
580 980
581 980
582 980
583 980
584 980
585 980
586 980
587 980
588 980
589 980
590 980
591 980
592 980
593 980
594 980
595 980
596 980
597 980
598 980
599 980
600 980
601 980
602 980
603 980
604 980
605 980
606 980
607 980
608 980
609 980
610 980
611 980
612 980
613 980
614 980
615 980
616 980
617 980
618 980
619 980
620 980
621 980
622 980
623 980
624 980
625 980
626 980
627 980
628 980
629 980
630 980
631 980
632 980
633 980
634 980
635 980
636 980
637 980
638 980
639 980
640 980
641 980
642 980
643 980
644 980
645 980
646 980
647 980
648 980
649 980
650 980
651 980
652 980
653 980
654 980
655 980
656 980
657 980
658 980
659 980
660 980
661 980
662 980
663 980
664 980
665 980
666 980
667 980
668 980
669 980
670 980
671 980
672 980
673 980
674 980
675 980
676 980
677 980
678 980
679 980
680 980
681 980
682 980
683 980
684 980
685 980
686 980
687 980
688 980
689 980
690 980
691 980
692 980
693 980
694 980
695 980
696 980
697 980
698 980
699 980
700 980
701 980
702 980
703 980
704 980
705 980
706 980
707 980
708 980
709 980
710 980
711 980
712 980
713 980
714 980
715 980
716 980
717 980
718 980
719 980
720 980
721 980
722 980
723 980
724 980
725 980
726 980
727 980
728 980
729 980
730 980
731 980
732 980
733 980
734 980
735 980
736 980
737 980
738 980
739 980
740 980
741 980
742 980
743 980
744 980
745 980
746 980
747 980
748 980
749 980
750 980
751 980
752 980
753 980
754 980
755 980
756 980
757 980
758 980
759 980
760 980
761 980
762 980
763 980
764 980
765 980
766 980
767 980
768 980
769 980
770 980
771 980
372 1058
373 1058
374 1058
375 1058
376 1058
377 1058
378 1058
379 1058
380 1058
381 1058
382 1058
383 1058
384 1058
385 1058
386 1058
387 1058
388 1058
389 1058
390 1058
391 1058
392 1058
393 1058
394 1058
395 1058
396 1058
397 1058
398 1058
399 1058
400 1058
401 1058
402 1058
403 1058
404 1058
405 1058
406 1058
407 1058
408 1058
409 1058
410 1058
411 1058
412 1058
413 1058
414 1058
415 1058
416 1058
417 1058
418 1058
419 1058
420 1058
365 1105
366 1105
367 1105
368 1105
369 1105
370 1105
371 1105
372 1105
373 1105
374 1105
375 1105
376 1105
377 1105
378 1105
379 1105
380 1105
381 1105
382 1105
383 1105
384 1105
385 1105
386 1105
387 1105
388 1105
389 1105
390 1105
391 1105
392 1105
393 1105
394 1105
395 1105
396 1105
397 1105
398 1105
399 1105
400 1105
401 1105
402 1105
403 1105
404 1105
405 1105
406 1105
407 1105
408 1105
409 1105
410 1105
411 1105
412 1105
413 1105
414 1105
415 1105
416 1105
417 1105
418 1105
419 1105
420 1105
421 1105
422 1105
423 1105
424 1105
425 1105
426 1105
366 1122
367 1122
368 1122
369 1122
370 1122
371 1122
372 1122
373 1122
374 1122
375 1122
376 1122
377 1122
378 1122
379 1122
380 1122
381 1122
382 1122
383 1122
384 1122
385 1122
386 1122
387 1122
388 1122
389 1122
390 1122
391 1122
392 1122
393 1122
394 1122
395 1122
396 1122
397 1122
398 1122
399 1122
400 1122
401 1122
402 1122
403 1122
404 1122
405 1122
406 1122
407 1122
408 1122
409 1122
410 1122
411 1122
412 1122
413 1122
414 1122
415 1122
416 1122
417 1122
418 1122
419 1122
420 1122
421 1122
422 1122
366 1133
367 1133
368 1133
369 1133
370 1133
371 1133
372 1133
373 1133
374 1133
375 1133
376 1133
377 1133
378 1133
379 1133
380 1133
381 1133
382 1133
383 1133
384 1133
385 1133
386 1133
387 1133
388 1133
389 1133
390 1133
391 1133
392 1133
393 1133
394 1133
395 1133
396 1133
397 1133
398 1133
399 1133
400 1133
401 1133
402 1133
403 1133
404 1133
405 1133
406 1133
407 1133
408 1133
409 1133
410 1133
411 1133
412 1133
413 1133
414 1133
415 1133
416 1133
417 1133
418 1133
419 1133
420 1133
421 1133
422 1133
360 1149
361 1149
362 1149
363 1149
364 1149
365 1149
366 1149
367 1149
368 1149
369 1149
370 1149
371 1149
372 1149
373 1149
374 1149
375 1149
376 1149
377 1149
378 1149
379 1149
380 1149
381 1149
382 1149
383 1149
384 1149
385 1149
386 1149
387 1149
388 1149
389 1149
390 1149
391 1149
392 1149
393 1149
394 1149
395 1149
396 1149
397 1149
398 1149
399 1149
400 1149
401 1149
402 1149
403 1149
404 1149
405 1149
406 1149
407 1149
408 1149
409 1149
410 1149
411 1149
412 1149
413 1149
414 1149
415 1149
416 1149
417 1149
418 1149
419 1149
420 1149
421 1149
422 1149
423 1149
424 1149
425 1149
426 1149
427 1149
428 1149
355 1161
356 1161
357 1161
358 1161
359 1161
360 1161
361 1161
362 1161
363 1161
364 1161
365 1161
366 1161
367 1161
368 1161
369 1161
370 1161
371 1161
372 1161
373 1161
374 1161
375 1161
376 1161
377 1161
378 1161
379 1161
380 1161
381 1161
382 1161
383 1161
384 1161
385 1161
386 1161
387 1161
388 1161
389 1161
390 1161
391 1161
392 1161
393 1161
394 1161
395 1161
396 1161
397 1161
398 1161
399 1161
400 1161
401 1161
402 1161
403 1161
404 1161
405 1161
406 1161
407 1161
408 1161
409 1161
410 1161
411 1161
412 1161
413 1161
414 1161
415 1161
416 1161
417 1161
418 1161
419 1161
420 1161
421 1161
422 1161
423 1161
424 1161
425 1161
426 1161
427 1161
428 1161
429 1161
430 1161
431 1161
432 1161
433 1161
434 1161
358 1180
359 1180
360 1180
361 1180
362 1180
363 1180
364 1180
365 1180
366 1180
367 1180
368 1180
369 1180
370 1180
371 1180
372 1180
373 1180
374 1180
375 1180
376 1180
377 1180
378 1180
379 1180
380 1180
381 1180
382 1180
383 1180
384 1180
385 1180
386 1180
387 1180
388 1180
389 1180
390 1180
391 1180
392 1180
393 1180
394 1180
395 1180
396 1180
397 1180
398 1180
399 1180
400 1180
401 1180
402 1180
403 1180
404 1180
405 1180
406 1180
407 1180
408 1180
409 1180
410 1180
411 1180
412 1180
413 1180
414 1180
415 1180
416 1180
417 1180
418 1180
419 1180
420 1180
421 1180
422 1180
423 1180
424 1180
425 1180
426 1180
427 1180
357 1197
358 1197
359 1197
360 1197
361 1197
362 1197
363 1197
364 1197
365 1197
366 1197
367 1197
368 1197
369 1197
370 1197
371 1197
372 1197
373 1197
374 1197
375 1197
376 1197
377 1197
378 1197
379 1197
380 1197
381 1197
382 1197
383 1197
384 1197
385 1197
386 1197
387 1197
388 1197
389 1197
390 1197
391 1197
392 1197
393 1197
394 1197
395 1197
396 1197
397 1197
398 1197
399 1197
400 1197
401 1197
402 1197
403 1197
404 1197
405 1197
406 1197
407 1197
408 1197
409 1197
410 1197
411 1197
412 1197
413 1197
414 1197
415 1197
416 1197
417 1197
418 1197
419 1197
420 1197
421 1197
422 1197
423 1197
424 1197
425 1197
426 1197
135 1210
136 1210
137 1210
138 1210
139 1210
140 1210
141 1210
142 1210
143 1210
144 1210
145 1210
146 1210
147 1210
148 1210
149 1210
150 1210
151 1210
152 1210
153 1210
154 1210
155 1210
156 1210
157 1210
158 1210
159 1210
160 1210
161 1210
162 1210
163 1210
164 1210
165 1210
166 1210
167 1210
168 1210
169 1210
170 1210
171 1210
172 1210
173 1210
174 1210
175 1210
176 1210
177 1210
178 1210
179 1210
180 1210
181 1210
182 1210
183 1210
184 1210
185 1210
186 1210
187 1210
188 1210
189 1210
190 1210
191 1210
192 1210
193 1210
194 1210
195 1210
196 1210
197 1210
198 1210
199 1210
200 1210
201 1210
202 1210
203 1210
204 1210
205 1210
206 1210
207 1210
208 1210
209 1210
210 1210
211 1210
212 1210
213 1210
214 1210
215 1210
216 1210
217 1210
218 1210
219 1210
220 1210
221 1210
222 1210
223 1210
224 1210
225 1210
226 1210
227 1210
228 1210
229 1210
230 1210
231 1210
232 1210
233 1210
234 1210
235 1210
236 1210
237 1210
238 1210
239 1210
240 1210
241 1210
242 1210
243 1210
244 1210
245 1210
246 1210
247 1210
248 1210
249 1210
250 1210
251 1210
252 1210
253 1210
254 1210
255 1210
256 1210
257 1210
258 1210
259 1210
260 1210
261 1210
262 1210
263 1210
264 1210
265 1210
266 1210
267 1210
268 1210
269 1210
270 1210
271 1210
272 1210
273 1210
274 1210
275 1210
276 1210
277 1210
278 1210
279 1210
280 1210
281 1210
282 1210
283 1210
284 1210
285 1210
286 1210
287 1210
288 1210
289 1210
290 1210
291 1210
292 1210
293 1210
294 1210
295 1210
296 1210
297 1210
298 1210
299 1210
300 1210
301 1210
302 1210
303 1210
304 1210
305 1210
306 1210
307 1210
308 1210
309 1210
310 1210
311 1210
312 1210
313 1210
314 1210
315 1210
316 1210
317 1210
318 1210
319 1210
320 1210
321 1210
322 1210
323 1210
324 1210
325 1210
326 1210
327 1210
328 1210
329 1210
330 1210
331 1210
332 1210
333 1210
334 1210
335 1210
336 1210
337 1210
338 1210
339 1210
340 1210
341 1210
342 1210
343 1210
344 1210
345 1210
346 1210
347 1210
348 1210
349 1210
350 1210
351 1210
352 1210
353 1210
354 1210
355 1210
356 1210
357 1210
358 1210
359 1210
360 1210
361 1210
362 1210
363 1210
364 1210
365 1210
366 1210
367 1210
368 1210
369 1210
370 1210
371 1210
372 1210
373 1210
374 1210
375 1210
376 1210
377 1210
378 1210
379 1210
380 1210
381 1210
382 1210
383 1210
384 1210
385 1210
386 1210
387 1210
388 1210
389 1210
390 1210
391 1210
392 1210
393 1210
394 1210
395 1210
396 1210
397 1210
398 1210
399 1210
400 1210
401 1210
402 1210
403 1210
404 1210
405 1210
406 1210
407 1210
408 1210
409 1210
410 1210
411 1210
412 1210
413 1210
414 1210
415 1210
416 1210
417 1210
418 1210
419 1210
420 1210
421 1210
422 1210
423 1210
424 1210
425 1210
426 1210
427 1210
428 1210
429 1210
430 1210
431 1210
432 1210
433 1210
434 1210
435 1210
436 1210
437 1210
438 1210
439 1210
440 1210
441 1210
442 1210
443 1210
444 1210
445 1210
446 1210
447 1210
448 1210
449 1210
450 1210
451 1210
452 1210
453 1210
454 1210
455 1210
456 1210
457 1210
458 1210
459 1210
460 1210
461 1210
462 1210
463 1210
464 1210
465 1210
466 1210
467 1210
468 1210
469 1210
470 1210
471 1210
472 1210
473 1210
474 1210
475 1210
476 1210
477 1210
478 1210
479 1210
480 1210
481 1210
482 1210
483 1210
484 1210
485 1210
486 1210
487 1210
488 1210
489 1210
490 1210
491 1210
492 1210
493 1210
494 1210
495 1210
496 1210
497 1210
498 1210
499 1210
500 1210
501 1210
502 1210
503 1210
504 1210
505 1210
506 1210
507 1210
508 1210
509 1210
510 1210
511 1210
512 1210
513 1210
514 1210
515 1210
516 1210
517 1210
518 1210
519 1210
520 1210
521 1210
522 1210
523 1210
524 1210
525 1210
526 1210
527 1210
528 1210
529 1210
530 1210
531 1210
532 1210
533 1210
534 1210
535 1210
536 1210
537 1210
538 1210
539 1210
540 1210
541 1210
542 1210
543 1210
544 1210
545 1210
546 1210
547 1210
548 1210
549 1210
550 1210
551 1210
552 1210
553 1210
554 1210
555 1210
556 1210
557 1210
558 1210
559 1210
560 1210
561 1210
562 1210
563 1210
564 1210
565 1210
566 1210
567 1210
568 1210
569 1210
570 1210
571 1210
572 1210
573 1210
574 1210
575 1210
576 1210
577 1210
578 1210
579 1210
580 1210
581 1210
582 1210
583 1210
584 1210
585 1210
586 1210
587 1210
588 1210
589 1210
590 1210
591 1210
592 1210
593 1210
594 1210
595 1210
596 1210
597 1210
598 1210
599 1210
600 1210
601 1210
602 1210
603 1210
604 1210
605 1210
606 1210
607 1210
608 1210
609 1210
610 1210
611 1210
612 1210
613 1210
614 1210
615 1210
616 1210
617 1210
618 1210
619 1210
620 1210
621 1210
622 1210
623 1210
624 1210
625 1210
626 1210
627 1210
628 1210
629 1210
630 1210
631 1210
632 1210
633 1210
634 1210
635 1210
636 1210
637 1210
638 1210
639 1210
640 1210
641 1210
642 1210
643 1210
644 1210
645 1210
646 1210
647 1210
648 1210
649 1210
650 1210
651 1210
652 1210
653 1210
654 1210
655 1210
656 1210
657 1210
658 1210
659 1210
660 1210
661 1210
662 1210
663 1210
664 1210
665 1210
666 1210
667 1210
668 1210
669 1210
670 1210
671 1210
672 1210
673 1210
674 1210
675 1210
676 1210
677 1210
678 1210
679 1210
680 1210
681 1210
682 1210
683 1210
684 1210
685 1210
686 1210
687 1210
688 1210
689 1210
690 1210
691 1210
692 1210
693 1210
694 1210
695 1210
696 1210
697 1210
698 1210
699 1210
700 1210
701 1210
702 1210
703 1210
704 1210
705 1210
706 1210
707 1210
708 1210
709 1210
710 1210
711 1210
712 1210
713 1210
714 1210
715 1210
359 1216
360 1216
361 1216
362 1216
363 1216
364 1216
365 1216
366 1216
367 1216
368 1216
369 1216
370 1216
371 1216
372 1216
373 1216
374 1216
375 1216
376 1216
377 1216
378 1216
379 1216
380 1216
381 1216
382 1216
383 1216
384 1216
385 1216
386 1216
387 1216
388 1216
389 1216
390 1216
391 1216
392 1216
393 1216
394 1216
395 1216
396 1216
397 1216
398 1216
399 1216
400 1216
401 1216
402 1216
403 1216
404 1216
405 1216
406 1216
407 1216
408 1216
409 1216
410 1216
411 1216
412 1216
413 1216
414 1216
415 1216
416 1216
417 1216
418 1216
419 1216
420 1216
421 1216
422 1216
357 1241
358 1241
359 1241
360 1241
361 1241
362 1241
363 1241
364 1241
365 1241
366 1241
367 1241
368 1241
369 1241
370 1241
371 1241
372 1241
373 1241
374 1241
375 1241
376 1241
377 1241
378 1241
379 1241
380 1241
381 1241
382 1241
383 1241
384 1241
385 1241
386 1241
387 1241
388 1241
389 1241
390 1241
391 1241
392 1241
393 1241
394 1241
395 1241
396 1241
397 1241
398 1241
399 1241
400 1241
401 1241
402 1241
403 1241
404 1241
405 1241
406 1241
407 1241
408 1241
409 1241
410 1241
411 1241
412 1241
413 1241
414 1241
415 1241
416 1241
417 1241
418 1241
419 1241
420 1241
421 1241
422 1241
423 1241
350 1280
351 1280
352 1280
353 1280
354 1280
355 1280
356 1280
357 1280
358 1280
359 1280
360 1280
361 1280
362 1280
363 1280
364 1280
365 1280
366 1280
367 1280
368 1280
369 1280
370 1280
371 1280
372 1280
373 1280
374 1280
375 1280
376 1280
377 1280
378 1280
379 1280
380 1280
381 1280
382 1280
383 1280
384 1280
385 1280
386 1280
387 1280
388 1280
389 1280
390 1280
391 1280
392 1280
393 1280
394 1280
395 1280
396 1280
397 1280
398 1280
399 1280
400 1280
401 1280
402 1280
403 1280
404 1280
405 1280
406 1280
407 1280
408 1280
409 1280
410 1280
411 1280
412 1280
413 1280
414 1280
415 1280
416 1280
417 1280
418 1280
419 1280
420 1280
421 1280
422 1280
423 1280
424 1280
425 1280
426 1280
427 1280
428 1280
70 1289
71 1289
72 1289
73 1289
74 1289
75 1289
76 1289
77 1289
78 1289
79 1289
80 1289
81 1289
82 1289
83 1289
84 1289
85 1289
86 1289
87 1289
88 1289
89 1289
90 1289
91 1289
92 1289
93 1289
94 1289
95 1289
96 1289
97 1289
98 1289
99 1289
100 1289
101 1289
102 1289
103 1289
104 1289
105 1289
106 1289
107 1289
108 1289
109 1289
110 1289
111 1289
112 1289
113 1289
114 1289
115 1289
116 1289
117 1289
118 1289
119 1289
120 1289
121 1289
122 1289
123 1289
124 1289
125 1289
126 1289
127 1289
128 1289
129 1289
130 1289
131 1289
132 1289
133 1289
134 1289
135 1289
136 1289
137 1289
138 1289
139 1289
140 1289
141 1289
142 1289
143 1289
144 1289
145 1289
146 1289
147 1289
148 1289
149 1289
150 1289
151 1289
152 1289
153 1289
154 1289
155 1289
156 1289
157 1289
158 1289
159 1289
160 1289
161 1289
162 1289
163 1289
164 1289
165 1289
166 1289
167 1289
168 1289
169 1289
170 1289
171 1289
172 1289
173 1289
174 1289
175 1289
176 1289
177 1289
178 1289
179 1289
180 1289
181 1289
182 1289
183 1289
184 1289
185 1289
186 1289
187 1289
188 1289
189 1289
190 1289
191 1289
192 1289
193 1289
194 1289
195 1289
196 1289
197 1289
198 1289
199 1289
200 1289
201 1289
202 1289
203 1289
204 1289
205 1289
206 1289
207 1289
208 1289
209 1289
210 1289
211 1289
212 1289
213 1289
214 1289
215 1289
216 1289
217 1289
218 1289
219 1289
220 1289
221 1289
222 1289
223 1289
224 1289
225 1289
226 1289
227 1289
228 1289
229 1289
230 1289
231 1289
232 1289
233 1289
234 1289
235 1289
236 1289
237 1289
238 1289
239 1289
240 1289
241 1289
242 1289
243 1289
244 1289
245 1289
246 1289
247 1289
248 1289
249 1289
250 1289
251 1289
252 1289
253 1289
254 1289
255 1289
256 1289
257 1289
258 1289
259 1289
260 1289
261 1289
262 1289
263 1289
264 1289
265 1289
266 1289
267 1289
268 1289
269 1289
270 1289
271 1289
272 1289
273 1289
274 1289
275 1289
276 1289
277 1289
278 1289
279 1289
280 1289
281 1289
282 1289
283 1289
284 1289
285 1289
286 1289
287 1289
288 1289
289 1289
290 1289
291 1289
292 1289
293 1289
294 1289
295 1289
296 1289
297 1289
298 1289
299 1289
300 1289
301 1289
302 1289
303 1289
304 1289
305 1289
306 1289
307 1289
308 1289
309 1289
310 1289
311 1289
312 1289
313 1289
314 1289
315 1289
316 1289
317 1289
318 1289
319 1289
320 1289
321 1289
322 1289
323 1289
324 1289
325 1289
326 1289
327 1289
328 1289
329 1289
330 1289
331 1289
332 1289
333 1289
334 1289
335 1289
336 1289
337 1289
338 1289
339 1289
340 1289
341 1289
342 1289
343 1289
344 1289
345 1289
346 1289
347 1289
348 1289
349 1289
350 1289
351 1289
352 1289
353 1289
354 1289
355 1289
356 1289
357 1289
358 1289
359 1289
360 1289
361 1289
362 1289
363 1289
364 1289
365 1289
366 1289
367 1289
368 1289
369 1289
370 1289
371 1289
372 1289
373 1289
374 1289
375 1289
376 1289
377 1289
378 1289
379 1289
380 1289
381 1289
382 1289
383 1289
384 1289
385 1289
386 1289
387 1289
388 1289
389 1289
390 1289
391 1289
392 1289
393 1289
394 1289
395 1289
396 1289
397 1289
398 1289
399 1289
400 1289
401 1289
402 1289
403 1289
404 1289
405 1289
406 1289
407 1289
408 1289
409 1289
410 1289
411 1289
412 1289
413 1289
414 1289
415 1289
416 1289
417 1289
418 1289
419 1289
420 1289
421 1289
422 1289
423 1289
424 1289
425 1289
426 1289
427 1289
428 1289
429 1289
430 1289
431 1289
432 1289
433 1289
434 1289
435 1289
436 1289
437 1289
438 1289
439 1289
440 1289
441 1289
442 1289
443 1289
444 1289
445 1289
446 1289
447 1289
448 1289
449 1289
450 1289
451 1289
452 1289
453 1289
454 1289
455 1289
456 1289
457 1289
458 1289
459 1289
460 1289
461 1289
462 1289
463 1289
464 1289
465 1289
466 1289
467 1289
468 1289
469 1289
470 1289
471 1289
472 1289
473 1289
474 1289
475 1289
476 1289
477 1289
478 1289
479 1289
480 1289
481 1289
482 1289
483 1289
484 1289
485 1289
486 1289
487 1289
488 1289
489 1289
490 1289
491 1289
492 1289
493 1289
494 1289
495 1289
496 1289
497 1289
498 1289
499 1289
500 1289
501 1289
502 1289
503 1289
504 1289
505 1289
506 1289
507 1289
508 1289
509 1289
510 1289
511 1289
512 1289
513 1289
514 1289
515 1289
516 1289
517 1289
518 1289
519 1289
520 1289
521 1289
522 1289
523 1289
524 1289
525 1289
526 1289
527 1289
528 1289
529 1289
530 1289
531 1289
532 1289
533 1289
534 1289
535 1289
536 1289
537 1289
538 1289
539 1289
540 1289
541 1289
542 1289
543 1289
544 1289
545 1289
546 1289
547 1289
548 1289
549 1289
550 1289
551 1289
552 1289
553 1289
554 1289
555 1289
556 1289
557 1289
558 1289
559 1289
560 1289
561 1289
562 1289
563 1289
564 1289
565 1289
566 1289
567 1289
568 1289
569 1289
570 1289
571 1289
572 1289
573 1289
574 1289
575 1289
576 1289
577 1289
578 1289
579 1289
580 1289
581 1289
582 1289
583 1289
584 1289
585 1289
586 1289
587 1289
588 1289
589 1289
590 1289
591 1289
592 1289
593 1289
594 1289
595 1289
596 1289
597 1289
598 1289
599 1289
600 1289
601 1289
602 1289
603 1289
604 1289
605 1289
606 1289
607 1289
608 1289
609 1289
610 1289
611 1289
612 1289
613 1289
614 1289
615 1289
616 1289
617 1289
618 1289
619 1289
620 1289
621 1289
622 1289
623 1289
624 1289
625 1289
626 1289
627 1289
628 1289
629 1289
630 1289
631 1289
632 1289
633 1289
634 1289
635 1289
636 1289
637 1289
638 1289
639 1289
640 1289
641 1289
642 1289
643 1289
644 1289
645 1289
646 1289
647 1289
648 1289
649 1289
650 1289
651 1289
652 1289
653 1289
654 1289
655 1289
656 1289
657 1289
658 1289
659 1289
660 1289
661 1289
662 1289
663 1289
664 1289
665 1289
666 1289
667 1289
668 1289
669 1289
670 1289
671 1289
672 1289
673 1289
674 1289
675 1289
676 1289
677 1289
678 1289
679 1289
680 1289
681 1289
682 1289
683 1289
684 1289
685 1289
686 1289
687 1289
688 1289
689 1289
690 1289
691 1289
692 1289
693 1289
694 1289
695 1289
696 1289
697 1289
698 1289
699 1289
700 1289
701 1289
702 1289
703 1289
704 1289
705 1289
706 1289
707 1289
708 1289
709 1289
710 1289
711 1289
712 1289
713 1289
714 1289
715 1289
716 1289
717 1289
718 1289
719 1289
720 1289
721 1289
722 1289
723 1289
724 1289
725 1289
726 1289
727 1289
728 1289
729 1289
730 1289
731 1289
732 1289
733 1289
734 1289
735 1289
736 1289
737 1289
738 1289
739 1289
740 1289
741 1289
742 1289
743 1289
744 1289
745 1289
746 1289
747 1289
748 1289
749 1289
750 1289
751 1289
752 1289
753 1289
754 1289
755 1289
756 1289
757 1289
758 1289
759 1289
760 1289
761 1289
762 1289
763 1289
764 1289
765 1289
766 1289
767 1289
768 1289
769 1289
770 1289
771 1289
772 1289
773 1289
774 1289
775 1289
776 1289
777 1289
778 1289
779 1289
780 1289
781 1289
782 1289
783 1289
784 1289
785 1289
786 1289
355 1294
356 1294
357 1294
358 1294
359 1294
360 1294
361 1294
362 1294
363 1294
364 1294
365 1294
366 1294
367 1294
368 1294
369 1294
370 1294
371 1294
372 1294
373 1294
374 1294
375 1294
376 1294
377 1294
378 1294
379 1294
380 1294
381 1294
382 1294
383 1294
384 1294
385 1294
386 1294
387 1294
388 1294
389 1294
390 1294
391 1294
392 1294
393 1294
394 1294
395 1294
396 1294
397 1294
398 1294
399 1294
400 1294
401 1294
402 1294
403 1294
404 1294
405 1294
406 1294
407 1294
408 1294
409 1294
410 1294
411 1294
412 1294
413 1294
414 1294
415 1294
416 1294
417 1294
418 1294
419 1294
420 1294
353 1364
354 1364
355 1364
356 1364
357 1364
358 1364
359 1364
360 1364
361 1364
362 1364
363 1364
364 1364
365 1364
366 1364
367 1364
368 1364
369 1364
370 1364
371 1364
372 1364
373 1364
374 1364
375 1364
376 1364
377 1364
378 1364
379 1364
380 1364
381 1364
382 1364
383 1364
384 1364
385 1364
386 1364
387 1364
388 1364
389 1364
390 1364
391 1364
392 1364
393 1364
394 1364
395 1364
396 1364
397 1364
398 1364
399 1364
400 1364
401 1364
402 1364
403 1364
404 1364
405 1364
406 1364
407 1364
408 1364
409 1364
410 1364
411 1364
412 1364
413 1364
414 1364
415 1364
416 1364
344 1423
345 1423
346 1423
347 1423
348 1423
349 1423
350 1423
351 1423
352 1423
353 1423
354 1423
355 1423
356 1423
357 1423
358 1423
359 1423
360 1423
361 1423
362 1423
363 1423
364 1423
365 1423
366 1423
367 1423
368 1423
369 1423
370 1423
371 1423
372 1423
373 1423
374 1423
375 1423
376 1423
377 1423
378 1423
379 1423
380 1423
381 1423
382 1423
383 1423
384 1423
385 1423
386 1423
387 1423
388 1423
389 1423
390 1423
391 1423
392 1423
393 1423
394 1423
395 1423
396 1423
397 1423
398 1423
399 1423
400 1423
401 1423
402 1423
403 1423
404 1423
405 1423
406 1423
407 1423
408 1423
409 1423
410 1423
411 1423
412 1423
413 1423
414 1423
415 1423
416 1423
417 1423
418 1423
419 1423
420 1423
421 1423
422 1423
423 1423
219 1452
220 1452
221 1452
222 1452
223 1452
224 1452
225 1452
226 1452
227 1452
228 1452
229 1452
230 1452
231 1452
232 1452
233 1452
234 1452
235 1452
236 1452
237 1452
238 1452
239 1452
240 1452
241 1452
242 1452
243 1452
244 1452
245 1452
246 1452
247 1452
248 1452
249 1452
250 1452
251 1452
252 1452
253 1452
254 1452
255 1452
256 1452
257 1452
258 1452
259 1452
260 1452
261 1452
262 1452
263 1452
264 1452
265 1452
266 1452
267 1452
268 1452
269 1452
270 1452
271 1452
272 1452
273 1452
274 1452
275 1452
276 1452
277 1452
278 1452
279 1452
280 1452
281 1452
282 1452
283 1452
284 1452
285 1452
286 1452
287 1452
288 1452
289 1452
290 1452
291 1452
292 1452
293 1452
294 1452
295 1452
296 1452
297 1452
298 1452
299 1452
300 1452
301 1452
302 1452
303 1452
304 1452
305 1452
306 1452
307 1452
308 1452
309 1452
310 1452
311 1452
312 1452
313 1452
314 1452
315 1452
316 1452
317 1452
318 1452
319 1452
320 1452
321 1452
322 1452
323 1452
324 1452
325 1452
326 1452
327 1452
328 1452
329 1452
330 1452
331 1452
332 1452
333 1452
334 1452
335 1452
336 1452
337 1452
338 1452
339 1452
340 1452
341 1452
342 1452
343 1452
344 1452
345 1452
346 1452
347 1452
348 1452
349 1452
350 1452
351 1452
352 1452
353 1452
354 1452
355 1452
356 1452
357 1452
358 1452
359 1452
360 1452
361 1452
362 1452
363 1452
364 1452
365 1452
366 1452
367 1452
368 1452
369 1452
370 1452
371 1452
372 1452
373 1452
374 1452
375 1452
376 1452
377 1452
378 1452
379 1452
380 1452
381 1452
382 1452
383 1452
384 1452
385 1452
386 1452
387 1452
388 1452
389 1452
390 1452
391 1452
392 1452
393 1452
394 1452
395 1452
396 1452
397 1452
398 1452
399 1452
400 1452
401 1452
402 1452
403 1452
404 1452
405 1452
406 1452
407 1452
408 1452
409 1452
410 1452
411 1452
412 1452
413 1452
414 1452
415 1452
416 1452
417 1452
418 1452
419 1452
420 1452
421 1452
422 1452
423 1452
424 1452
425 1452
426 1452
427 1452
428 1452
429 1452
430 1452
431 1452
432 1452
433 1452
434 1452
435 1452
436 1452
437 1452
438 1452
439 1452
440 1452
441 1452
442 1452
443 1452
444 1452
445 1452
446 1452
447 1452
448 1452
449 1452
450 1452
451 1452
452 1452
453 1452
454 1452
455 1452
456 1452
457 1452
458 1452
459 1452
460 1452
461 1452
462 1452
463 1452
464 1452
465 1452
466 1452
467 1452
468 1452
469 1452
470 1452
471 1452
472 1452
473 1452
474 1452
475 1452
476 1452
477 1452
478 1452
479 1452
480 1452
481 1452
482 1452
483 1452
484 1452
485 1452
486 1452
487 1452
488 1452
489 1452
490 1452
491 1452
492 1452
493 1452
494 1452
495 1452
496 1452
497 1452
498 1452
499 1452
500 1452
501 1452
502 1452
503 1452
504 1452
505 1452
506 1452
507 1452
508 1452
509 1452
510 1452
511 1452
512 1452
513 1452
514 1452
515 1452
516 1452
517 1452
518 1452
519 1452
520 1452
521 1452
522 1452
523 1452
524 1452
525 1452
526 1452
527 1452
528 1452
529 1452
530 1452
531 1452
532 1452
533 1452
534 1452
535 1452
536 1452
537 1452
538 1452
539 1452
540 1452
541 1452
542 1452
543 1452
544 1452
545 1452
546 1452
547 1452
548 1452
549 1452
550 1452
551 1452
552 1452
553 1452
554 1452
555 1452
556 1452
557 1452
558 1452
559 1452
560 1452
561 1452
562 1452
563 1452
564 1452
565 1452
566 1452
567 1452
568 1452
569 1452
570 1452
571 1452
572 1452
573 1452
574 1452
575 1452
576 1452
577 1452
578 1452
579 1452
580 1452
581 1452
582 1452
583 1452
584 1452
585 1452
329 1592
330 1592
331 1592
332 1592
333 1592
334 1592
335 1592
336 1592
337 1592
338 1592
339 1592
340 1592
341 1592
342 1592
343 1592
344 1592
345 1592
346 1592
347 1592
348 1592
349 1592
350 1592
351 1592
352 1592
353 1592
354 1592
355 1592
356 1592
357 1592
358 1592
359 1592
360 1592
361 1592
362 1592
363 1592
364 1592
365 1592
366 1592
367 1592
368 1592
369 1592
370 1592
371 1592
372 1592
373 1592
374 1592
375 1592
376 1592
377 1592
378 1592
379 1592
380 1592
381 1592
382 1592
383 1592
384 1592
385 1592
386 1592
387 1592
388 1592
389 1592
390 1592
391 1592
392 1592
393 1592
394 1592
395 1592
396 1592
397 1592
398 1592
399 1592
400 1592
401 1592
402 1592
403 1592
404 1592
405 1592
406 1592
407 1592
408 1592
409 1592
410 1592
411 1592
412 1592
413 1592
414 1592
415 1592
416 1592
417 1592
418 1592
419 1592
420 1592
421 1592
422 1592
423 1592
424 1592
425 1592
333 1660
334 1660
335 1660
336 1660
337 1660
338 1660
339 1660
340 1660
341 1660
342 1660
343 1660
344 1660
345 1660
346 1660
347 1660
348 1660
349 1660
350 1660
351 1660
352 1660
353 1660
354 1660
355 1660
356 1660
357 1660
358 1660
359 1660
360 1660
361 1660
362 1660
363 1660
364 1660
365 1660
366 1660
367 1660
368 1660
369 1660
370 1660
371 1660
372 1660
373 1660
374 1660
375 1660
376 1660
377 1660
378 1660
379 1660
380 1660
381 1660
382 1660
383 1660
384 1660
385 1660
386 1660
387 1660
388 1660
389 1660
390 1660
391 1660
392 1660
393 1660
394 1660
395 1660
396 1660
397 1660
398 1660
399 1660
400 1660
401 1660
402 1660
403 1660
404 1660
405 1660
406 1660
407 1660
408 1660
409 1660
410 1660
411 1660
412 1660
413 1660
414 1660
312 1666
313 1666
314 1666
315 1666
316 1666
317 1666
318 1666
319 1666
320 1666
321 1666
322 1666
323 1666
324 1666
325 1666
326 1666
327 1666
328 1666
329 1666
330 1666
331 1666
332 1666
333 1666
334 1666
335 1666
336 1666
337 1666
338 1666
339 1666
340 1666
341 1666
342 1666
343 1666
344 1666
345 1666
346 1666
347 1666
348 1666
349 1666
350 1666
351 1666
352 1666
353 1666
354 1666
355 1666
356 1666
357 1666
358 1666
359 1666
360 1666
361 1666
362 1666
363 1666
364 1666
365 1666
366 1666
367 1666
368 1666
369 1666
370 1666
371 1666
372 1666
373 1666
374 1666
375 1666
376 1666
377 1666
378 1666
379 1666
380 1666
381 1666
382 1666
383 1666
384 1666
385 1666
386 1666
387 1666
388 1666
389 1666
390 1666
391 1666
392 1666
393 1666
394 1666
395 1666
396 1666
397 1666
398 1666
399 1666
400 1666
401 1666
402 1666
403 1666
404 1666
405 1666
406 1666
407 1666
408 1666
409 1666
410 1666
411 1666
412 1666
413 1666
414 1666
415 1666
416 1666
417 1666
418 1666
419 1666
420 1666
421 1666
422 1666
423 1666
424 1666
425 1666
426 1666
427 1666
428 1666
429 1666
430 1666
431 1666
432 1666
433 1666
434 1666
435 1666
436 1666
437 1666
438 1666
439 1666
440 1666
441 1666
321 1668
322 1668
323 1668
324 1668
325 1668
326 1668
327 1668
328 1668
329 1668
330 1668
331 1668
332 1668
333 1668
334 1668
335 1668
336 1668
337 1668
338 1668
339 1668
340 1668
341 1668
342 1668
343 1668
344 1668
345 1668
346 1668
347 1668
348 1668
349 1668
350 1668
351 1668
352 1668
353 1668
354 1668
355 1668
356 1668
357 1668
358 1668
359 1668
360 1668
361 1668
362 1668
363 1668
364 1668
365 1668
366 1668
367 1668
368 1668
369 1668
370 1668
371 1668
372 1668
373 1668
374 1668
375 1668
376 1668
377 1668
378 1668
379 1668
380 1668
381 1668
382 1668
383 1668
384 1668
385 1668
386 1668
387 1668
388 1668
389 1668
390 1668
391 1668
392 1668
393 1668
394 1668
395 1668
396 1668
397 1668
398 1668
399 1668
400 1668
401 1668
402 1668
403 1668
404 1668
405 1668
406 1668
407 1668
408 1668
409 1668
410 1668
411 1668
412 1668
413 1668
414 1668
415 1668
416 1668
417 1668
418 1668
419 1668
420 1668
421 1668
422 1668
423 1668
424 1668
425 1668
426 1668
427 1668
428 1668
429 1668
302 1765
303 1765
304 1765
305 1765
306 1765
307 1765
308 1765
309 1765
310 1765
311 1765
312 1765
313 1765
314 1765
315 1765
316 1765
317 1765
318 1765
319 1765
320 1765
321 1765
322 1765
323 1765
324 1765
325 1765
326 1765
327 1765
328 1765
329 1765
330 1765
331 1765
332 1765
333 1765
334 1765
335 1765
336 1765
337 1765
338 1765
339 1765
340 1765
341 1765
342 1765
343 1765
344 1765
345 1765
346 1765
347 1765
348 1765
349 1765
350 1765
351 1765
352 1765
353 1765
354 1765
355 1765
356 1765
357 1765
358 1765
359 1765
360 1765
361 1765
362 1765
363 1765
364 1765
365 1765
366 1765
367 1765
368 1765
369 1765
370 1765
371 1765
372 1765
373 1765
374 1765
375 1765
376 1765
377 1765
378 1765
379 1765
380 1765
381 1765
382 1765
383 1765
384 1765
385 1765
386 1765
387 1765
388 1765
389 1765
390 1765
391 1765
392 1765
393 1765
394 1765
395 1765
396 1765
397 1765
398 1765
399 1765
400 1765
401 1765
402 1765
403 1765
404 1765
405 1765
406 1765
407 1765
408 1765
409 1765
410 1765
411 1765
412 1765
413 1765
414 1765
415 1765
416 1765
417 1765
418 1765
419 1765
420 1765
421 1765
422 1765
423 1765
424 1765
425 1765
426 1765
427 1765
428 1765
429 1765
430 1765
431 1765
432 1765
433 1765
434 1765
435 1765
436 1765
437 1765
438 1765
439 1765
440 1765
441 1765
442 1765
443 1765
444 1765
445 1765
132 1789
133 1789
134 1789
135 1789
136 1789
137 1789
138 1789
139 1789
140 1789
141 1789
142 1789
143 1789
144 1789
145 1789
146 1789
147 1789
148 1789
149 1789
150 1789
151 1789
152 1789
153 1789
154 1789
155 1789
156 1789
157 1789
158 1789
159 1789
160 1789
161 1789
162 1789
163 1789
164 1789
165 1789
166 1789
167 1789
168 1789
169 1789
170 1789
171 1789
172 1789
173 1789
174 1789
175 1789
176 1789
177 1789
178 1789
179 1789
180 1789
181 1789
182 1789
183 1789
184 1789
185 1789
186 1789
187 1789
188 1789
189 1789
190 1789
191 1789
192 1789
193 1789
194 1789
195 1789
196 1789
197 1789
198 1789
199 1789
200 1789
201 1789
202 1789
203 1789
204 1789
205 1789
206 1789
207 1789
208 1789
209 1789
210 1789
211 1789
212 1789
213 1789
214 1789
215 1789
216 1789
217 1789
218 1789
219 1789
220 1789
221 1789
222 1789
223 1789
224 1789
225 1789
226 1789
227 1789
228 1789
229 1789
230 1789
231 1789
232 1789
233 1789
234 1789
235 1789
236 1789
237 1789
238 1789
239 1789
240 1789
241 1789
242 1789
243 1789
244 1789
245 1789
246 1789
247 1789
248 1789
249 1789
250 1789
251 1789
252 1789
253 1789
254 1789
255 1789
256 1789
257 1789
258 1789
259 1789
260 1789
261 1789
262 1789
263 1789
264 1789
265 1789
266 1789
267 1789
268 1789
269 1789
270 1789
271 1789
272 1789
273 1789
274 1789
275 1789
276 1789
277 1789
278 1789
279 1789
280 1789
281 1789
282 1789
283 1789
284 1789
285 1789
286 1789
287 1789
288 1789
289 1789
290 1789
291 1789
292 1789
293 1789
294 1789
295 1789
296 1789
297 1789
298 1789
299 1789
300 1789
301 1789
302 1789
303 1789
304 1789
305 1789
306 1789
307 1789
308 1789
309 1789
310 1789
311 1789
312 1789
313 1789
314 1789
315 1789
316 1789
317 1789
318 1789
319 1789
320 1789
321 1789
322 1789
323 1789
324 1789
325 1789
326 1789
327 1789
328 1789
329 1789
330 1789
331 1789
332 1789
333 1789
334 1789
335 1789
336 1789
337 1789
338 1789
339 1789
340 1789
341 1789
342 1789
343 1789
344 1789
345 1789
346 1789
347 1789
348 1789
349 1789
350 1789
351 1789
352 1789
353 1789
354 1789
355 1789
356 1789
357 1789
358 1789
359 1789
360 1789
361 1789
362 1789
363 1789
364 1789
365 1789
366 1789
367 1789
368 1789
369 1789
370 1789
371 1789
372 1789
373 1789
374 1789
375 1789
376 1789
377 1789
378 1789
379 1789
380 1789
381 1789
382 1789
383 1789
384 1789
385 1789
386 1789
387 1789
388 1789
389 1789
390 1789
391 1789
392 1789
393 1789
394 1789
395 1789
396 1789
397 1789
398 1789
399 1789
400 1789
401 1789
402 1789
403 1789
404 1789
405 1789
406 1789
407 1789
408 1789
409 1789
410 1789
411 1789
412 1789
413 1789
414 1789
415 1789
416 1789
417 1789
418 1789
419 1789
420 1789
421 1789
422 1789
423 1789
424 1789
425 1789
426 1789
427 1789
428 1789
429 1789
430 1789
431 1789
432 1789
433 1789
434 1789
435 1789
436 1789
437 1789
438 1789
439 1789
440 1789
441 1789
442 1789
443 1789
444 1789
445 1789
446 1789
447 1789
448 1789
449 1789
450 1789
451 1789
452 1789
453 1789
454 1789
455 1789
456 1789
457 1789
458 1789
459 1789
460 1789
461 1789
462 1789
463 1789
464 1789
465 1789
466 1789
467 1789
468 1789
469 1789
470 1789
471 1789
472 1789
473 1789
474 1789
475 1789
476 1789
477 1789
478 1789
479 1789
480 1789
481 1789
482 1789
483 1789
484 1789
485 1789
486 1789
487 1789
488 1789
489 1789
490 1789
491 1789
492 1789
493 1789
494 1789
495 1789
496 1789
497 1789
498 1789
499 1789
500 1789
501 1789
502 1789
503 1789
504 1789
505 1789
506 1789
507 1789
508 1789
509 1789
510 1789
511 1789
512 1789
513 1789
514 1789
515 1789
516 1789
517 1789
518 1789
519 1789
520 1789
521 1789
522 1789
523 1789
524 1789
525 1789
526 1789
527 1789
528 1789
529 1789
530 1789
531 1789
532 1789
533 1789
534 1789
535 1789
536 1789
537 1789
538 1789
539 1789
540 1789
541 1789
542 1789
543 1789
544 1789
545 1789
546 1789
547 1789
548 1789
549 1789
550 1789
551 1789
552 1789
553 1789
554 1789
555 1789
556 1789
557 1789
558 1789
559 1789
560 1789
561 1789
562 1789
563 1789
564 1789
565 1789
566 1789
567 1789
568 1789
569 1789
570 1789
571 1789
572 1789
573 1789
574 1789
575 1789
576 1789
577 1789
578 1789
579 1789
580 1789
581 1789
582 1789
583 1789
584 1789
585 1789
586 1789
587 1789
588 1789
589 1789
590 1789
591 1789
592 1789
593 1789
594 1789
595 1789
596 1789
597 1789
598 1789
599 1789
600 1789
601 1789
602 1789
603 1789
604 1789
605 1789
606 1789
607 1789
608 1789
609 1789
610 1789
611 1789
612 1789
613 1789
614 1789
615 1789
616 1789
617 1789
618 1789
619 1789
620 1789
621 1789
622 1789
623 1789
624 1789
625 1789
626 1789
627 1789
628 1789
629 1789
630 1789
631 1789
632 1789
633 1789
634 1789
635 1789
636 1789
637 1789
638 1789
639 1789
640 1789
641 1789
642 1789
643 1789
644 1789
645 1789
646 1789
647 1789
648 1789
649 1789
650 1789
651 1789
652 1789
653 1789
654 1789
655 1789
656 1789
657 1789
658 1789
659 1789
660 1789
661 1789
662 1789
663 1789
290 1846
291 1846
292 1846
293 1846
294 1846
295 1846
296 1846
297 1846
298 1846
299 1846
300 1846
301 1846
302 1846
303 1846
304 1846
305 1846
306 1846
307 1846
308 1846
309 1846
310 1846
311 1846
312 1846
313 1846
314 1846
315 1846
316 1846
317 1846
318 1846
319 1846
320 1846
321 1846
322 1846
323 1846
324 1846
325 1846
326 1846
327 1846
328 1846
329 1846
330 1846
331 1846
332 1846
333 1846
334 1846
335 1846
336 1846
337 1846
338 1846
339 1846
340 1846
341 1846
342 1846
343 1846
344 1846
345 1846
346 1846
347 1846
348 1846
349 1846
350 1846
351 1846
352 1846
353 1846
354 1846
355 1846
356 1846
357 1846
358 1846
359 1846
360 1846
361 1846
362 1846
363 1846
364 1846
365 1846
366 1846
367 1846
368 1846
369 1846
370 1846
371 1846
372 1846
373 1846
374 1846
375 1846
376 1846
377 1846
378 1846
379 1846
380 1846
381 1846
382 1846
383 1846
384 1846
385 1846
386 1846
387 1846
388 1846
389 1846
390 1846
391 1846
392 1846
393 1846
394 1846
395 1846
396 1846
397 1846
398 1846
399 1846
400 1846
401 1846
402 1846
403 1846
404 1846
405 1846
406 1846
407 1846
408 1846
409 1846
410 1846
411 1846
412 1846
413 1846
414 1846
415 1846
416 1846
417 1846
418 1846
419 1846
420 1846
421 1846
422 1846
423 1846
424 1846
425 1846
426 1846
427 1846
428 1846
429 1846
430 1846
431 1846
432 1846
433 1846
434 1846
435 1846
436 1846
437 1846
438 1846
439 1846
440 1846
441 1846
442 1846
443 1846
444 1846
445 1846
446 1846
447 1846
448 1846
449 1846
450 1846
451 1846
452 1846
453 1846
324 1858
325 1858
326 1858
327 1858
328 1858
329 1858
330 1858
331 1858
332 1858
333 1858
334 1858
335 1858
336 1858
337 1858
338 1858
339 1858
340 1858
341 1858
342 1858
343 1858
344 1858
345 1858
346 1858
347 1858
348 1858
349 1858
350 1858
351 1858
352 1858
353 1858
354 1858
355 1858
356 1858
357 1858
358 1858
359 1858
360 1858
361 1858
362 1858
363 1858
364 1858
365 1858
366 1858
367 1858
368 1858
369 1858
370 1858
371 1858
372 1858
373 1858
374 1858
375 1858
376 1858
377 1858
378 1858
379 1858
380 1858
381 1858
382 1858
383 1858
384 1858
385 1858
386 1858
387 1858
388 1858
389 1858
390 1858
391 1858
392 1858
393 1858
394 1858
395 1858
396 1858
397 1858
398 1858
399 1858
400 1858
401 1858
402 1858
403 1858
404 1858
405 1858
406 1858
317 1878
318 1878
319 1878
320 1878
321 1878
322 1878
323 1878
324 1878
325 1878
326 1878
327 1878
328 1878
329 1878
330 1878
331 1878
332 1878
333 1878
334 1878
335 1878
336 1878
337 1878
338 1878
339 1878
340 1878
341 1878
342 1878
343 1878
344 1878
345 1878
346 1878
347 1878
348 1878
349 1878
350 1878
351 1878
352 1878
353 1878
354 1878
355 1878
356 1878
357 1878
358 1878
359 1878
360 1878
361 1878
362 1878
363 1878
364 1878
365 1878
366 1878
367 1878
368 1878
369 1878
370 1878
371 1878
372 1878
373 1878
374 1878
375 1878
376 1878
377 1878
378 1878
379 1878
380 1878
381 1878
382 1878
383 1878
384 1878
385 1878
386 1878
387 1878
388 1878
389 1878
390 1878
391 1878
392 1878
393 1878
394 1878
395 1878
396 1878
397 1878
398 1878
399 1878
400 1878
401 1878
402 1878
403 1878
404 1878
405 1878
406 1878
407 1878
408 1878
409 1878
410 1878
411 1878
412 1878
413 1878
414 1878
