378 174
379 174
380 174
381 174
382 174
383 174
384 174
385 174
386 174
387 174
388 174
389 174
390 174
391 174
392 174
393 174
394 174
395 174
396 174
397 174
398 174
399 174
400 174
401 174
402 174
403 174
404 174
405 174
406 174
407 174
408 174
409 174
410 174
411 174
412 174
413 174
414 174
415 174
416 174
417 174
418 174
419 174
420 174
421 174
422 174
423 174
424 174
425 174
426 174
427 174
428 174
429 174
430 174
431 174
432 174
433 174
434 174
435 174
436 174
437 174
438 174
439 174
440 174
441 174
442 174
443 174
444 174
445 174
446 174
447 174
448 174
449 174
450 174
451 174
452 174
453 174
454 174
455 174
456 174
457 174
458 174
459 174
460 174
461 174
462 174
463 174
464 174
465 174
466 174
467 174
468 174
469 174
470 174
471 174
472 174
473 174
474 174
475 174
476 174
477 174
478 174
479 174
480 174
481 174
482 174
483 174
484 174
485 174
486 174
487 174
488 174
489 174
490 174
491 174
492 174
493 174
494 174
495 174
496 174
497 174
498 174
499 174
500 174
501 174
379 222
380 222
381 222
382 222
383 222
384 222
385 222
386 222
387 222
388 222
389 222
390 222
391 222
392 222
393 222
394 222
395 222
396 222
397 222
398 222
399 222
400 222
401 222
402 222
403 222
404 222
405 222
406 222
407 222
408 222
409 222
410 222
411 222
412 222
413 222
414 222
415 222
416 222
417 222
418 222
419 222
420 222
421 222
422 222
423 222
424 222
425 222
426 222
427 222
428 222
429 222
430 222
431 222
432 222
433 222
434 222
435 222
436 222
437 222
438 222
439 222
440 222
441 222
442 222
443 222
444 222
445 222
446 222
447 222
448 222
449 222
450 222
451 222
452 222
453 222
454 222
455 222
456 222
457 222
458 222
459 222
460 222
461 222
462 222
463 222
464 222
465 222
466 222
467 222
468 222
469 222
470 222
471 222
472 222
473 222
474 222
475 222
476 222
477 222
478 222
479 222
480 222
481 222
482 222
483 222
484 222
485 222
486 222
487 222
488 222
489 222
490 222
491 222
492 222
493 222
494 222
495 222
378 295
379 295
380 295
381 295
382 295
383 295
384 295
385 295
386 295
387 295
388 295
389 295
390 295
391 295
392 295
393 295
394 295
395 295
396 295
397 295
398 295
399 295
400 295
401 295
402 295
403 295
404 295
405 295
406 295
407 295
408 295
409 295
410 295
411 295
412 295
413 295
414 295
415 295
416 295
417 295
418 295
419 295
420 295
421 295
422 295
423 295
424 295
425 295
426 295
427 295
428 295
429 295
430 295
431 295
432 295
433 295
434 295
435 295
436 295
437 295
438 295
439 295
440 295
441 295
442 295
443 295
444 295
445 295
446 295
447 295
448 295
449 295
450 295
451 295
452 295
453 295
454 295
455 295
456 295
457 295
458 295
459 295
460 295
461 295
462 295
463 295
464 295
465 295
466 295
467 295
468 295
469 295
470 295
471 295
472 295
473 295
474 295
475 295
476 295
477 295
478 295
479 295
480 295
481 295
482 295
483 295
484 295
485 295
486 295
487 295
488 295
489 295
400 335
401 335
402 335
403 335
404 335
405 335
406 335
407 335
408 335
409 335
410 335
411 335
412 335
413 335
414 335
415 335
416 335
417 335
418 335
419 335
420 335
421 335
422 335
423 335
424 335
425 335
426 335
427 335
428 335
429 335
430 335
431 335
432 335
433 335
434 335
435 335
436 335
437 335
438 335
439 335
440 335
441 335
442 335
443 335
444 335
445 335
446 335
447 335
448 335
449 335
450 335
451 335
452 335
453 335
454 335
455 335
377 371
378 371
379 371
380 371
381 371
382 371
383 371
384 371
385 371
386 371
387 371
388 371
389 371
390 371
391 371
392 371
393 371
394 371
395 371
396 371
397 371
398 371
399 371
400 371
401 371
402 371
403 371
404 371
405 371
406 371
407 371
408 371
409 371
410 371
411 371
412 371
413 371
414 371
415 371
416 371
417 371
418 371
419 371
420 371
421 371
422 371
423 371
424 371
425 371
426 371
427 371
428 371
429 371
430 371
431 371
432 371
433 371
434 371
435 371
436 371
437 371
438 371
439 371
440 371
441 371
442 371
443 371
444 371
445 371
446 371
447 371
448 371
449 371
450 371
451 371
452 371
453 371
454 371
455 371
456 371
457 371
458 371
459 371
460 371
461 371
462 371
463 371
464 371
465 371
466 371
467 371
468 371
469 371
470 371
471 371
472 371
473 371
474 371
475 371
476 371
477 371
478 371
479 371
480 371
481 371
482 371
387 380
388 380
389 380
390 380
391 380
392 380
393 380
394 380
395 380
396 380
397 380
398 380
399 380
400 380
401 380
402 380
403 380
404 380
405 380
406 380
407 380
408 380
409 380
410 380
411 380
412 380
413 380
414 380
415 380
416 380
417 380
418 380
419 380
420 380
421 380
422 380
423 380
424 380
425 380
426 380
427 380
428 380
429 380
430 380
431 380
432 380
433 380
434 380
435 380
436 380
437 380
438 380
439 380
440 380
441 380
442 380
443 380
444 380
445 380
446 380
447 380
448 380
449 380
450 380
451 380
452 380
453 380
454 380
455 380
456 380
457 380
458 380
459 380
460 380
461 380
462 380
463 380
464 380
465 380
466 380
467 380
377 529
378 529
379 529
380 529
381 529
382 529
383 529
384 529
385 529
386 529
387 529
388 529
389 529
390 529
391 529
392 529
393 529
394 529
395 529
396 529
397 529
398 529
399 529
400 529
401 529
402 529
403 529
404 529
405 529
406 529
407 529
408 529
409 529
410 529
411 529
412 529
413 529
414 529
415 529
416 529
417 529
418 529
419 529
420 529
421 529
422 529
423 529
424 529
425 529
426 529
427 529
428 529
429 529
430 529
431 529
432 529
433 529
434 529
435 529
436 529
437 529
438 529
439 529
440 529
441 529
442 529
443 529
444 529
445 529
446 529
447 529
448 529
449 529
450 529
451 529
452 529
453 529
454 529
455 529
456 529
457 529
458 529
459 529
460 529
461 529
462 529
463 529
464 529
465 529
466 529
467 529
374 535
375 535
376 535
377 535
378 535
379 535
380 535
381 535
382 535
383 535
384 535
385 535
386 535
387 535
388 535
389 535
390 535
391 535
392 535
393 535
394 535
395 535
396 535
397 535
398 535
399 535
400 535
401 535
402 535
403 535
404 535
405 535
406 535
407 535
408 535
409 535
410 535
411 535
412 535
413 535
414 535
415 535
416 535
417 535
418 535
419 535
420 535
421 535
422 535
423 535
424 535
425 535
426 535
427 535
428 535
429 535
430 535
431 535
432 535
433 535
434 535
435 535
436 535
437 535
438 535
439 535
440 535
441 535
442 535
443 535
444 535
445 535
446 535
447 535
448 535
449 535
450 535
451 535
452 535
453 535
454 535
455 535
456 535
457 535
458 535
459 535
460 535
461 535
462 535
463 535
464 535
465 535
466 535
467 535
468 535
469 535
470 535
377 543
378 543
379 543
380 543
381 543
382 543
383 543
384 543
385 543
386 543
387 543
388 543
389 543
390 543
391 543
392 543
393 543
394 543
395 543
396 543
397 543
398 543
399 543
400 543
401 543
402 543
403 543
404 543
405 543
406 543
407 543
408 543
409 543
410 543
411 543
412 543
413 543
414 543
415 543
416 543
417 543
418 543
419 543
420 543
421 543
422 543
423 543
424 543
425 543
426 543
427 543
428 543
429 543
430 543
431 543
432 543
433 543
434 543
435 543
436 543
437 543
438 543
439 543
440 543
441 543
442 543
443 543
444 543
445 543
446 543
447 543
448 543
449 543
450 543
451 543
452 543
453 543
454 543
455 543
456 543
457 543
458 543
459 543
460 543
461 543
462 543
463 543
464 543
465 543
297 549
298 549
299 549
300 549
301 549
302 549
303 549
304 549
305 549
306 549
307 549
308 549
309 549
310 549
311 549
312 549
313 549
314 549
315 549
316 549
317 549
318 549
319 549
320 549
321 549
322 549
323 549
324 549
325 549
326 549
327 549
328 549
329 549
330 549
331 549
332 549
333 549
334 549
335 549
336 549
337 549
338 549
339 549
340 549
341 549
342 549
343 549
344 549
345 549
346 549
347 549
348 549
349 549
350 549
351 549
352 549
353 549
354 549
355 549
356 549
357 549
358 549
359 549
360 549
361 549
362 549
363 549
364 549
365 549
366 549
367 549
368 549
369 549
370 549
371 549
372 549
373 549
374 549
375 549
376 549
377 549
378 549
379 549
380 549
381 549
382 549
383 549
384 549
385 549
386 549
387 549
388 549
389 549
390 549
391 549
392 549
393 549
394 549
395 549
396 549
397 549
398 549
399 549
400 549
401 549
402 549
403 549
404 549
405 549
406 549
407 549
408 549
409 549
410 549
411 549
412 549
413 549
414 549
415 549
416 549
417 549
418 549
419 549
420 549
421 549
422 549
423 549
424 549
425 549
426 549
427 549
428 549
429 549
430 549
431 549
432 549
433 549
434 549
435 549
436 549
437 549
438 549
439 549
440 549
441 549
442 549
443 549
444 549
445 549
446 549
447 549
448 549
449 549
450 549
451 549
452 549
453 549
454 549
455 549
456 549
457 549
458 549
459 549
460 549
461 549
462 549
463 549
464 549
465 549
466 549
467 549
468 549
469 549
470 549
471 549
472 549
473 549
474 549
475 549
476 549
477 549
478 549
479 549
480 549
481 549
482 549
483 549
484 549
485 549
486 549
487 549
488 549
489 549
490 549
491 549
492 549
493 549
494 549
495 549
496 549
497 549
498 549
499 549
500 549
501 549
502 549
503 549
504 549
505 549
506 549
507 549
508 549
509 549
510 549
511 549
512 549
513 549
514 549
515 549
516 549
517 549
518 549
519 549
520 549
521 549
522 549
523 549
524 549
525 549
526 549
527 549
528 549
529 549
530 549
531 549
532 549
533 549
534 549
535 549
536 549
537 549
538 549
539 549
540 549
541 549
542 549
543 549
544 549
545 549
546 549
547 549
548 549
549 549
550 549
551 549
552 549
553 549
554 549
555 549
556 549
557 549
558 549
559 549
560 549
561 549
562 549
563 549
564 549
565 549
566 549
567 549
568 549
569 549
570 549
571 549
572 549
573 549
373 574
374 574
375 574
376 574
377 574
378 574
379 574
380 574
381 574
382 574
383 574
384 574
385 574
386 574
387 574
388 574
389 574
390 574
391 574
392 574
393 574
394 574
395 574
396 574
397 574
398 574
399 574
400 574
401 574
402 574
403 574
404 574
405 574
406 574
407 574
408 574
409 574
410 574
411 574
412 574
413 574
414 574
415 574
416 574
417 574
418 574
419 574
420 574
421 574
422 574
423 574
424 574
425 574
426 574
427 574
428 574
429 574
430 574
431 574
432 574
433 574
434 574
435 574
436 574
437 574
438 574
439 574
440 574
441 574
442 574
443 574
444 574
445 574
446 574
447 574
448 574
449 574
450 574
451 574
452 574
453 574
454 574
455 574
456 574
457 574
458 574
459 574
460 574
461 574
462 574
463 574
464 574
465 574
466 574
467 574
355 633
356 633
357 633
358 633
359 633
360 633
361 633
362 633
363 633
364 633
365 633
366 633
367 633
368 633
369 633
370 633
371 633
372 633
373 633
374 633
375 633
376 633
377 633
378 633
379 633
380 633
381 633
382 633
383 633
384 633
385 633
386 633
387 633
388 633
389 633
390 633
391 633
392 633
393 633
394 633
395 633
396 633
397 633
398 633
399 633
400 633
401 633
402 633
403 633
404 633
405 633
406 633
407 633
408 633
409 633
410 633
411 633
412 633
413 633
414 633
415 633
416 633
417 633
418 633
419 633
420 633
421 633
422 633
423 633
424 633
425 633
426 633
427 633
428 633
429 633
430 633
431 633
432 633
433 633
434 633
435 633
436 633
437 633
438 633
439 633
440 633
441 633
442 633
443 633
444 633
445 633
446 633
447 633
448 633
449 633
450 633
451 633
452 633
453 633
454 633
455 633
456 633
457 633
458 633
459 633
460 633
461 633
462 633
463 633
464 633
465 633
466 633
467 633
468 633
469 633
470 633
471 633
472 633
473 633
474 633
475 633
476 633
477 633
478 633
479 633
480 633
481 633
482 633
483 633
484 633
485 633
486 633
386 642
387 642
388 642
389 642
390 642
391 642
392 642
393 642
394 642
395 642
396 642
397 642
398 642
399 642
400 642
401 642
402 642
403 642
404 642
405 642
406 642
407 642
408 642
409 642
410 642
411 642
412 642
413 642
414 642
415 642
416 642
417 642
418 642
419 642
420 642
421 642
422 642
423 642
424 642
425 642
426 642
427 642
428 642
429 642
430 642
431 642
432 642
433 642
434 642
435 642
436 642
437 642
438 642
439 642
440 642
441 642
442 642
385 644
386 644
387 644
388 644
389 644
390 644
391 644
392 644
393 644
394 644
395 644
396 644
397 644
398 644
399 644
400 644
401 644
402 644
403 644
404 644
405 644
406 644
407 644
408 644
409 644
410 644
411 644
412 644
413 644
414 644
415 644
416 644
417 644
418 644
419 644
420 644
421 644
422 644
423 644
424 644
425 644
426 644
427 644
428 644
429 644
430 644
431 644
432 644
433 644
434 644
435 644
436 644
437 644
438 644
439 644
440 644
441 644
442 644
443 644
444 644
381 732
382 732
383 732
384 732
385 732
386 732
387 732
388 732
389 732
390 732
391 732
392 732
393 732
394 732
395 732
396 732
397 732
398 732
399 732
400 732
401 732
402 732
403 732
404 732
405 732
406 732
407 732
408 732
409 732
410 732
411 732
412 732
413 732
414 732
415 732
416 732
417 732
418 732
419 732
420 732
421 732
422 732
423 732
424 732
425 732
426 732
427 732
428 732
429 732
430 732
431 732
432 732
433 732
434 732
435 732
436 732
437 732
438 732
439 732
440 732
213 748
214 748
215 748
216 748
217 748
218 748
219 748
220 748
221 748
222 748
223 748
224 748
225 748
226 748
227 748
228 748
229 748
230 748
231 748
232 748
233 748
234 748
235 748
236 748
237 748
238 748
239 748
240 748
241 748
242 748
243 748
244 748
245 748
246 748
247 748
248 748
249 748
250 748
251 748
252 748
253 748
254 748
255 748
256 748
257 748
258 748
259 748
260 748
261 748
262 748
263 748
264 748
265 748
266 748
267 748
268 748
269 748
270 748
271 748
272 748
273 748
274 748
275 748
276 748
277 748
278 748
279 748
280 748
281 748
282 748
283 748
284 748
285 748
286 748
287 748
288 748
289 748
290 748
291 748
292 748
293 748
294 748
295 748
296 748
297 748
298 748
299 748
300 748
301 748
302 748
303 748
304 748
305 748
306 748
307 748
308 748
309 748
310 748
311 748
312 748
313 748
314 748
315 748
316 748
317 748
318 748
319 748
320 748
321 748
322 748
323 748
324 748
325 748
326 748
327 748
328 748
329 748
330 748
331 748
332 748
333 748
334 748
335 748
336 748
337 748
338 748
339 748
340 748
341 748
342 748
343 748
344 748
345 748
346 748
347 748
348 748
349 748
350 748
351 748
352 748
353 748
354 748
355 748
356 748
357 748
358 748
359 748
360 748
361 748
362 748
363 748
364 748
365 748
366 748
367 748
368 748
369 748
370 748
371 748
372 748
373 748
374 748
375 748
376 748
377 748
378 748
379 748
380 748
381 748
382 748
383 748
384 748
385 748
386 748
387 748
388 748
389 748
390 748
391 748
392 748
393 748
394 748
395 748
396 748
397 748
398 748
399 748
400 748
401 748
402 748
403 748
404 748
405 748
406 748
407 748
408 748
409 748
410 748
411 748
412 748
413 748
414 748
415 748
416 748
417 748
418 748
419 748
420 748
421 748
422 748
423 748
424 748
425 748
426 748
427 748
428 748
429 748
430 748
431 748
432 748
433 748
434 748
435 748
436 748
437 748
438 748
439 748
440 748
441 748
442 748
443 748
444 748
445 748
446 748
447 748
448 748
449 748
450 748
451 748
452 748
453 748
454 748
455 748
456 748
457 748
458 748
459 748
460 748
461 748
462 748
463 748
464 748
465 748
466 748
467 748
468 748
469 748
470 748
471 748
472 748
473 748
474 748
475 748
476 748
477 748
478 748
479 748
480 748
481 748
482 748
483 748
484 748
485 748
486 748
487 748
488 748
489 748
490 748
491 748
492 748
493 748
494 748
495 748
496 748
497 748
498 748
499 748
500 748
501 748
502 748
503 748
504 748
505 748
506 748
507 748
508 748
509 748
510 748
511 748
512 748
513 748
514 748
515 748
516 748
517 748
518 748
519 748
520 748
521 748
522 748
523 748
524 748
525 748
526 748
527 748
528 748
529 748
530 748
531 748
532 748
533 748
534 748
535 748
536 748
537 748
538 748
539 748
540 748
541 748
542 748
543 748
544 748
545 748
546 748
547 748
548 748
549 748
550 748
551 748
552 748
553 748
554 748
555 748
556 748
557 748
558 748
559 748
560 748
561 748
562 748
563 748
564 748
565 748
566 748
567 748
568 748
569 748
570 748
571 748
572 748
573 748
574 748
575 748
576 748
577 748
578 748
579 748
580 748
581 748
582 748
583 748
584 748
585 748
586 748
587 748
588 748
589 748
590 748
591 748
592 748
593 748
594 748
595 748
596 748
597 748
598 748
599 748
600 748
601 748
602 748
603 748
604 748
605 748
606 748
607 748
608 748
609 748
610 748
611 748
612 748
613 748
614 748
615 748
616 748
617 748
618 748
619 748
620 748
621 748
622 748
623 748
624 748
625 748
626 748
627 748
628 748
629 748
630 748
631 748
632 748
633 748
634 748
635 748
636 748
637 748
638 748
639 748
640 748
641 748
642 748
643 748
644 748
645 748
646 748
647 748
648 748
649 748
650 748
651 748
652 748
653 748
654 748
655 748
656 748
657 748
658 748
659 748
660 748
661 748
321 775
322 775
323 775
324 775
325 775
326 775
327 775
328 775
329 775
330 775
331 775
332 775
333 775
334 775
335 775
336 775
337 775
338 775
339 775
340 775
341 775
342 775
343 775
344 775
345 775
346 775
347 775
348 775
349 775
350 775
351 775
352 775
353 775
354 775
355 775
356 775
357 775
358 775
359 775
360 775
361 775
362 775
363 775
364 775
365 775
366 775
367 775
368 775
369 775
370 775
371 775
372 775
373 775
374 775
375 775
376 775
377 775
378 775
379 775
380 775
381 775
382 775
383 775
384 775
385 775
386 775
387 775
388 775
389 775
390 775
391 775
392 775
393 775
394 775
395 775
396 775
397 775
398 775
399 775
400 775
401 775
402 775
403 775
404 775
405 775
406 775
407 775
408 775
409 775
410 775
411 775
412 775
413 775
414 775
415 775
416 775
417 775
418 775
419 775
420 775
421 775
422 775
423 775
424 775
425 775
426 775
427 775
428 775
429 775
430 775
431 775
432 775
433 775
434 775
435 775
436 775
437 775
438 775
439 775
440 775
441 775
442 775
443 775
444 775
445 775
446 775
447 775
448 775
449 775
450 775
451 775
452 775
453 775
454 775
455 775
456 775
457 775
458 775
459 775
460 775
461 775
462 775
463 775
464 775
465 775
466 775
467 775
468 775
469 775
470 775
471 775
472 775
473 775
474 775
475 775
476 775
477 775
478 775
479 775
480 775
481 775
482 775
483 775
484 775
485 775
486 775
487 775
488 775
489 775
490 775
491 775
492 775
493 775
494 775
495 775
496 775
497 775
498 775
499 775
500 775
501 775
502 775
503 775
504 775
505 775
506 775
507 775
508 775
509 775
510 775
511 775
512 775
513 775
514 775
515 775
516 775
517 775
518 775
324 791
325 791
326 791
327 791
328 791
329 791
330 791
331 791
332 791
333 791
334 791
335 791
336 791
337 791
338 791
339 791
340 791
341 791
342 791
343 791
344 791
345 791
346 791
347 791
348 791
349 791
350 791
351 791
352 791
353 791
354 791
355 791
356 791
357 791
358 791
359 791
360 791
361 791
362 791
363 791
364 791
365 791
366 791
367 791
368 791
369 791
370 791
371 791
372 791
373 791
374 791
375 791
376 791
377 791
378 791
379 791
380 791
381 791
382 791
383 791
384 791
385 791
386 791
387 791
388 791
389 791
390 791
391 791
392 791
393 791
394 791
395 791
396 791
397 791
398 791
399 791
400 791
401 791
402 791
403 791
404 791
405 791
406 791
407 791
408 791
409 791
410 791
411 791
412 791
413 791
414 791
415 791
416 791
417 791
418 791
419 791
420 791
421 791
422 791
423 791
424 791
425 791
426 791
427 791
428 791
429 791
430 791
431 791
432 791
433 791
434 791
435 791
436 791
437 791
438 791
439 791
440 791
441 791
442 791
443 791
444 791
445 791
446 791
447 791
448 791
449 791
450 791
451 791
452 791
453 791
454 791
455 791
456 791
457 791
458 791
459 791
460 791
461 791
462 791
463 791
464 791
465 791
466 791
467 791
468 791
469 791
470 791
471 791
472 791
473 791
474 791
475 791
476 791
477 791
478 791
479 791
480 791
481 791
482 791
483 791
484 791
485 791
486 791
487 791
488 791
489 791
490 791
491 791
492 791
493 791
494 791
495 791
496 791
497 791
498 791
499 791
500 791
501 791
502 791
503 791
504 791
505 791
506 791
507 791
508 791
509 791
510 791
511 791
379 794
380 794
381 794
382 794
383 794
384 794
385 794
386 794
387 794
388 794
389 794
390 794
391 794
392 794
393 794
394 794
395 794
396 794
397 794
398 794
399 794
400 794
401 794
402 794
403 794
404 794
405 794
406 794
407 794
408 794
409 794
410 794
411 794
412 794
413 794
414 794
415 794
416 794
417 794
418 794
419 794
420 794
421 794
422 794
423 794
424 794
425 794
426 794
427 794
428 794
429 794
430 794
431 794
432 794
433 794
434 794
435 794
436 794
437 794
438 794
339 807
340 807
341 807
342 807
343 807
344 807
345 807
346 807
347 807
348 807
349 807
350 807
351 807
352 807
353 807
354 807
355 807
356 807
357 807
358 807
359 807
360 807
361 807
362 807
363 807
364 807
365 807
366 807
367 807
368 807
369 807
370 807
371 807
372 807
373 807
374 807
375 807
376 807
377 807
378 807
379 807
380 807
381 807
382 807
383 807
384 807
385 807
386 807
387 807
388 807
389 807
390 807
391 807
392 807
393 807
394 807
395 807
396 807
397 807
398 807
399 807
400 807
401 807
402 807
403 807
404 807
405 807
406 807
407 807
408 807
409 807
410 807
411 807
412 807
413 807
414 807
415 807
416 807
417 807
418 807
419 807
420 807
421 807
422 807
423 807
424 807
425 807
426 807
427 807
428 807
429 807
430 807
431 807
432 807
433 807
434 807
435 807
436 807
437 807
438 807
439 807
440 807
441 807
442 807
443 807
444 807
445 807
446 807
447 807
448 807
449 807
450 807
451 807
452 807
453 807
454 807
455 807
456 807
457 807
458 807
459 807
460 807
461 807
462 807
463 807
464 807
465 807
466 807
467 807
468 807
469 807
470 807
471 807
472 807
473 807
474 807
475 807
476 807
477 807
478 807
479 807
480 807
481 807
482 807
483 807
484 807
485 807
486 807
487 807
488 807
489 807
490 807
491 807
328 818
329 818
330 818
331 818
332 818
333 818
334 818
335 818
336 818
337 818
338 818
339 818
340 818
341 818
342 818
343 818
344 818
345 818
346 818
347 818
348 818
349 818
350 818
351 818
352 818
353 818
354 818
355 818
356 818
357 818
358 818
359 818
360 818
361 818
362 818
363 818
364 818
365 818
366 818
367 818
368 818
369 818
370 818
371 818
372 818
373 818
374 818
375 818
376 818
377 818
378 818
379 818
380 818
381 818
382 818
383 818
384 818
385 818
386 818
387 818
388 818
389 818
390 818
391 818
392 818
393 818
394 818
395 818
396 818
397 818
398 818
399 818
400 818
401 818
402 818
403 818
404 818
405 818
406 818
407 818
408 818
409 818
410 818
411 818
412 818
413 818
414 818
415 818
416 818
417 818
418 818
419 818
420 818
421 818
422 818
423 818
424 818
425 818
426 818
427 818
428 818
429 818
430 818
431 818
432 818
433 818
434 818
435 818
436 818
437 818
438 818
439 818
440 818
441 818
442 818
443 818
444 818
445 818
446 818
447 818
448 818
449 818
450 818
451 818
452 818
453 818
454 818
455 818
456 818
457 818
458 818
459 818
460 818
461 818
462 818
463 818
464 818
465 818
466 818
467 818
468 818
469 818
470 818
471 818
472 818
473 818
474 818
475 818
476 818
477 818
478 818
479 818
480 818
481 818
482 818
483 818
484 818
485 818
486 818
487 818
488 818
489 818
490 818
491 818
492 818
493 818
494 818
495 818
496 818
497 818
498 818
499 818
500 818
501 818
502 818
503 818
504 818
374 824
375 824
376 824
377 824
378 824
379 824
380 824
381 824
382 824
383 824
384 824
385 824
386 824
387 824
388 824
389 824
390 824
391 824
392 824
393 824
394 824
395 824
396 824
397 824
398 824
399 824
400 824
401 824
402 824
403 824
404 824
405 824
406 824
407 824
408 824
409 824
410 824
411 824
412 824
413 824
414 824
415 824
416 824
417 824
418 824
419 824
420 824
421 824
422 824
423 824
424 824
425 824
426 824
427 824
428 824
429 824
430 824
431 824
432 824
433 824
434 824
435 824
436 824
437 824
438 824
439 824
440 824
441 824
442 824
338 849
339 849
340 849
341 849
342 849
343 849
344 849
345 849
346 849
347 849
348 849
349 849
350 849
351 849
352 849
353 849
354 849
355 849
356 849
357 849
358 849
359 849
360 849
361 849
362 849
363 849
364 849
365 849
366 849
367 849
368 849
369 849
370 849
371 849
372 849
373 849
374 849
375 849
376 849
377 849
378 849
379 849
380 849
381 849
382 849
383 849
384 849
385 849
386 849
387 849
388 849
389 849
390 849
391 849
392 849
393 849
394 849
395 849
396 849
397 849
398 849
399 849
400 849
401 849
402 849
403 849
404 849
405 849
406 849
407 849
408 849
409 849
410 849
411 849
412 849
413 849
414 849
415 849
416 849
417 849
418 849
419 849
420 849
421 849
422 849
423 849
424 849
425 849
426 849
427 849
428 849
429 849
430 849
431 849
432 849
433 849
434 849
435 849
436 849
437 849
438 849
439 849
440 849
441 849
442 849
443 849
444 849
445 849
446 849
447 849
448 849
449 849
450 849
451 849
452 849
453 849
454 849
455 849
456 849
457 849
458 849
459 849
460 849
461 849
462 849
463 849
464 849
465 849
466 849
467 849
468 849
469 849
470 849
471 849
472 849
473 849
474 849
475 849
476 849
477 849
478 849
479 849
480 849
481 849
482 849
483 849
484 849
485 849
486 849
487 849
488 849
375 874
376 874
377 874
378 874
379 874
380 874
381 874
382 874
383 874
384 874
385 874
386 874
387 874
388 874
389 874
390 874
391 874
392 874
393 874
394 874
395 874
396 874
397 874
398 874
399 874
400 874
401 874
402 874
403 874
404 874
405 874
406 874
407 874
408 874
409 874
410 874
411 874
412 874
413 874
414 874
415 874
416 874
417 874
418 874
419 874
420 874
421 874
422 874
423 874
424 874
425 874
426 874
427 874
428 874
429 874
430 874
431 874
432 874
433 874
434 874
435 874
272 960
273 960
274 960
275 960
276 960
277 960
278 960
279 960
280 960
281 960
282 960
283 960
284 960
285 960
286 960
287 960
288 960
289 960
290 960
291 960
292 960
293 960
294 960
295 960
296 960
297 960
298 960
299 960
300 960
301 960
302 960
303 960
304 960
305 960
306 960
307 960
308 960
309 960
310 960
311 960
312 960
313 960
314 960
315 960
316 960
317 960
318 960
319 960
320 960
321 960
322 960
323 960
324 960
325 960
326 960
327 960
328 960
329 960
330 960
331 960
332 960
333 960
334 960
335 960
336 960
337 960
338 960
339 960
340 960
341 960
342 960
343 960
344 960
345 960
346 960
347 960
348 960
349 960
350 960
351 960
352 960
353 960
354 960
355 960
356 960
357 960
358 960
359 960
360 960
361 960
362 960
363 960
364 960
365 960
366 960
367 960
368 960
369 960
370 960
371 960
372 960
373 960
374 960
375 960
376 960
377 960
378 960
379 960
380 960
381 960
382 960
383 960
384 960
385 960
386 960
387 960
388 960
389 960
390 960
391 960
392 960
393 960
394 960
395 960
396 960
397 960
398 960
399 960
400 960
401 960
402 960
403 960
404 960
405 960
406 960
407 960
408 960
409 960
410 960
411 960
412 960
413 960
414 960
415 960
416 960
417 960
418 960
419 960
420 960
421 960
422 960
423 960
424 960
425 960
426 960
427 960
428 960
429 960
430 960
431 960
432 960
433 960
434 960
435 960
436 960
437 960
438 960
439 960
440 960
441 960
442 960
443 960
444 960
445 960
446 960
447 960
448 960
449 960
450 960
451 960
452 960
453 960
454 960
455 960
456 960
457 960
458 960
459 960
460 960
461 960
462 960
463 960
464 960
465 960
466 960
467 960
468 960
469 960
470 960
471 960
472 960
473 960
474 960
475 960
476 960
477 960
478 960
479 960
480 960
481 960
482 960
483 960
484 960
485 960
486 960
487 960
488 960
489 960
490 960
491 960
492 960
493 960
494 960
495 960
496 960
497 960
498 960
499 960
500 960
501 960
502 960
503 960
504 960
505 960
506 960
507 960
508 960
509 960
510 960
511 960
512 960
513 960
514 960
515 960
516 960
517 960
518 960
519 960
520 960
521 960
522 960
523 960
524 960
525 960
526 960
527 960
528 960
529 960
530 960
531 960
532 960
533 960
534 960
535 960
536 960
537 960
538 960
539 960
540 960
541 960
542 960
543 960
544 960
545 960
546 960
547 960
548 960
549 960
550 960
551 960
552 960
553 960
554 960
555 960
556 960
557 960
558 960
559 960
560 960
561 960
562 960
563 960
564 960
565 960
370 977
371 977
372 977
373 977
374 977
375 977
376 977
377 977
378 977
379 977
380 977
381 977
382 977
383 977
384 977
385 977
386 977
387 977
388 977
389 977
390 977
391 977
392 977
393 977
394 977
395 977
396 977
397 977
398 977
399 977
400 977
401 977
402 977
403 977
404 977
405 977
406 977
407 977
408 977
409 977
410 977
411 977
412 977
413 977
414 977
415 977
416 977
417 977
418 977
419 977
420 977
421 977
422 977
423 977
424 977
425 977
426 977
427 977
428 977
429 977
430 977
431 977
107 981
108 981
109 981
110 981
111 981
112 981
113 981
114 981
115 981
116 981
117 981
118 981
119 981
120 981
121 981
122 981
123 981
124 981
125 981
126 981
127 981
128 981
129 981
130 981
131 981
132 981
133 981
134 981
135 981
136 981
137 981
138 981
139 981
140 981
141 981
142 981
143 981
144 981
145 981
146 981
147 981
148 981
149 981
150 981
151 981
152 981
153 981
154 981
155 981
156 981
157 981
158 981
159 981
160 981
161 981
162 981
163 981
164 981
165 981
166 981
167 981
168 981
169 981
170 981
171 981
172 981
173 981
174 981
175 981
176 981
177 981
178 981
179 981
180 981
181 981
182 981
183 981
184 981
185 981
186 981
187 981
188 981
189 981
190 981
191 981
192 981
193 981
194 981
195 981
196 981
197 981
198 981
199 981
200 981
201 981
202 981
203 981
204 981
205 981
206 981
207 981
208 981
209 981
210 981
211 981
212 981
213 981
214 981
215 981
216 981
217 981
218 981
219 981
220 981
221 981
222 981
223 981
224 981
225 981
226 981
227 981
228 981
229 981
230 981
231 981
232 981
233 981
234 981
235 981
236 981
237 981
238 981
239 981
240 981
241 981
242 981
243 981
244 981
245 981
246 981
247 981
248 981
249 981
250 981
251 981
252 981
253 981
254 981
255 981
256 981
257 981
258 981
259 981
260 981
261 981
262 981
263 981
264 981
265 981
266 981
267 981
268 981
269 981
270 981
271 981
272 981
273 981
274 981
275 981
276 981
277 981
278 981
279 981
280 981
281 981
282 981
283 981
284 981
285 981
286 981
287 981
288 981
289 981
290 981
291 981
292 981
293 981
294 981
295 981
296 981
297 981
298 981
299 981
300 981
301 981
302 981
303 981
304 981
305 981
306 981
307 981
308 981
309 981
310 981
311 981
312 981
313 981
314 981
315 981
316 981
317 981
318 981
319 981
320 981
321 981
322 981
323 981
324 981
325 981
326 981
327 981
328 981
329 981
330 981
331 981
332 981
333 981
334 981
335 981
336 981
337 981
338 981
339 981
340 981
341 981
342 981
343 981
344 981
345 981
346 981
347 981
348 981
349 981
350 981
351 981
352 981
353 981
354 981
355 981
356 981
357 981
358 981
359 981
360 981
361 981
362 981
363 981
364 981
365 981
366 981
367 981
368 981
369 981
370 981
371 981
372 981
373 981
374 981
375 981
376 981
377 981
378 981
379 981
380 981
381 981
382 981
383 981
384 981
385 981
386 981
387 981
388 981
389 981
390 981
391 981
392 981
393 981
394 981
395 981
396 981
397 981
398 981
399 981
400 981
401 981
402 981
403 981
404 981
405 981
406 981
407 981
408 981
409 981
410 981
411 981
412 981
413 981
414 981
415 981
416 981
417 981
418 981
419 981
420 981
421 981
422 981
423 981
424 981
425 981
426 981
427 981
428 981
429 981
430 981
431 981
432 981
433 981
434 981
435 981
436 981
437 981
438 981
439 981
440 981
441 981
442 981
443 981
444 981
445 981
446 981
447 981
448 981
449 981
450 981
451 981
452 981
453 981
454 981
455 981
456 981
457 981
458 981
459 981
460 981
461 981
462 981
463 981
464 981
465 981
466 981
467 981
468 981
469 981
470 981
471 981
472 981
473 981
474 981
475 981
476 981
477 981
478 981
479 981
480 981
481 981
482 981
483 981
484 981
485 981
486 981
487 981
488 981
489 981
490 981
491 981
492 981
493 981
494 981
495 981
496 981
497 981
498 981
499 981
500 981
501 981
502 981
503 981
504 981
505 981
506 981
507 981
508 981
509 981
510 981
511 981
512 981
513 981
514 981
515 981
516 981
517 981
518 981
519 981
520 981
521 981
522 981
523 981
524 981
525 981
526 981
527 981
528 981
529 981
530 981
531 981
532 981
533 981
534 981
535 981
536 981
537 981
538 981
539 981
540 981
541 981
542 981
543 981
544 981
545 981
546 981
547 981
548 981
549 981
550 981
551 981
552 981
553 981
554 981
555 981
556 981
557 981
558 981
559 981
560 981
561 981
562 981
563 981
564 981
565 981
566 981
567 981
568 981
569 981
570 981
571 981
572 981
573 981
574 981
575 981
576 981
577 981
578 981
579 981
580 981
581 981
582 981
583 981
584 981
585 981
586 981
587 981
588 981
589 981
590 981
591 981
592 981
593 981
594 981
595 981
596 981
597 981
598 981
599 981
600 981
601 981
602 981
603 981
604 981
605 981
606 981
607 981
608 981
609 981
610 981
611 981
612 981
613 981
614 981
615 981
616 981
617 981
618 981
619 981
620 981
621 981
622 981
623 981
624 981
625 981
626 981
627 981
628 981
629 981
630 981
631 981
632 981
633 981
634 981
635 981
636 981
637 981
638 981
639 981
640 981
641 981
642 981
643 981
644 981
645 981
646 981
647 981
648 981
649 981
650 981
651 981
652 981
653 981
654 981
655 981
656 981
657 981
658 981
659 981
660 981
661 981
662 981
663 981
664 981
665 981
666 981
667 981
668 981
669 981
670 981
671 981
672 981
673 981
674 981
675 981
676 981
677 981
678 981
679 981
680 981
681 981
682 981
683 981
684 981
685 981
686 981
687 981
688 981
689 981
690 981
691 981
692 981
693 981
694 981
695 981
696 981
697 981
698 981
699 981
700 981
701 981
702 981
703 981
704 981
705 981
706 981
707 981
708 981
709 981
710 981
711 981
712 981
713 981
714 981
715 981
716 981
717 981
718 981
719 981
720 981
721 981
722 981
723 981
724 981
725 981
726 981
727 981
728 981
729 981
730 981
731 981
732 981
733 981
734 981
735 981
736 981
737 981
738 981
739 981
740 981
741 981
742 981
743 981
744 981
745 981
746 981
747 981
748 981
749 981
750 981
751 981
752 981
753 981
754 981
755 981
756 981
757 981
758 981
759 981
760 981
761 981
762 981
763 981
764 981
765 981
766 981
767 981
768 981
769 981
770 981
771 981
235 993
236 993
237 993
238 993
239 993
240 993
241 993
242 993
243 993
244 993
245 993
246 993
247 993
248 993
249 993
250 993
251 993
252 993
253 993
254 993
255 993
256 993
257 993
258 993
259 993
260 993
261 993
262 993
263 993
264 993
265 993
266 993
267 993
268 993
269 993
270 993
271 993
272 993
273 993
274 993
275 993
276 993
277 993
278 993
279 993
280 993
281 993
282 993
283 993
284 993
285 993
286 993
287 993
288 993
289 993
290 993
291 993
292 993
293 993
294 993
295 993
296 993
297 993
298 993
299 993
300 993
301 993
302 993
303 993
304 993
305 993
306 993
307 993
308 993
309 993
310 993
311 993
312 993
313 993
314 993
315 993
316 993
317 993
318 993
319 993
320 993
321 993
322 993
323 993
324 993
325 993
326 993
327 993
328 993
329 993
330 993
331 993
332 993
333 993
334 993
335 993
336 993
337 993
338 993
339 993
340 993
341 993
342 993
343 993
344 993
345 993
346 993
347 993
348 993
349 993
350 993
351 993
352 993
353 993
354 993
355 993
356 993
357 993
358 993
359 993
360 993
361 993
362 993
363 993
364 993
365 993
366 993
367 993
368 993
369 993
370 993
371 993
372 993
373 993
374 993
375 993
376 993
377 993
378 993
379 993
380 993
381 993
382 993
383 993
384 993
385 993
386 993
387 993
388 993
389 993
390 993
391 993
392 993
393 993
394 993
395 993
396 993
397 993
398 993
399 993
400 993
401 993
402 993
403 993
404 993
405 993
406 993
407 993
408 993
409 993
410 993
411 993
412 993
413 993
414 993
415 993
416 993
417 993
418 993
419 993
420 993
421 993
422 993
423 993
424 993
425 993
426 993
427 993
428 993
429 993
430 993
431 993
432 993
433 993
434 993
435 993
436 993
437 993
438 993
439 993
440 993
441 993
442 993
443 993
444 993
445 993
446 993
447 993
448 993
449 993
450 993
451 993
452 993
453 993
454 993
455 993
456 993
457 993
458 993
459 993
460 993
461 993
462 993
463 993
464 993
465 993
466 993
467 993
468 993
469 993
470 993
471 993
472 993
473 993
474 993
475 993
476 993
477 993
478 993
479 993
480 993
481 993
482 993
483 993
484 993
485 993
486 993
487 993
488 993
489 993
490 993
491 993
492 993
493 993
494 993
495 993
496 993
497 993
498 993
499 993
500 993
501 993
502 993
503 993
504 993
505 993
506 993
507 993
508 993
509 993
510 993
511 993
512 993
513 993
514 993
515 993
516 993
517 993
518 993
519 993
520 993
521 993
522 993
523 993
524 993
525 993
526 993
527 993
528 993
529 993
530 993
531 993
532 993
533 993
534 993
535 993
536 993
537 993
538 993
539 993
540 993
541 993
542 993
543 993
544 993
545 993
546 993
547 993
548 993
549 993
550 993
551 993
552 993
553 993
554 993
555 993
556 993
557 993
558 993
559 993
560 993
561 993
562 993
563 993
564 993
565 993
566 993
567 993
568 993
569 993
570 993
571 993
572 993
573 993
574 993
575 993
576 993
577 993
578 993
579 993
580 993
581 993
582 993
583 993
584 993
585 993
586 993
587 993
588 993
589 993
590 993
591 993
592 993
593 993
594 993
595 993
596 993
597 993
598 993
599 993
600 993
601 993
602 993
603 993
604 993
605 993
606 993
607 993
608 993
609 993
610 993
365 1105
366 1105
367 1105
368 1105
369 1105
370 1105
371 1105
372 1105
373 1105
374 1105
375 1105
376 1105
377 1105
378 1105
379 1105
380 1105
381 1105
382 1105
383 1105
384 1105
385 1105
386 1105
387 1105
388 1105
389 1105
390 1105
391 1105
392 1105
393 1105
394 1105
395 1105
396 1105
397 1105
398 1105
399 1105
400 1105
401 1105
402 1105
403 1105
404 1105
405 1105
406 1105
407 1105
408 1105
409 1105
410 1105
411 1105
412 1105
413 1105
414 1105
415 1105
416 1105
417 1105
418 1105
419 1105
420 1105
421 1105
422 1105
423 1105
424 1105
425 1105
426 1105
364 1108
365 1108
366 1108
367 1108
368 1108
369 1108
370 1108
371 1108
372 1108
373 1108
374 1108
375 1108
376 1108
377 1108
378 1108
379 1108
380 1108
381 1108
382 1108
383 1108
384 1108
385 1108
386 1108
387 1108
388 1108
389 1108
390 1108
391 1108
392 1108
393 1108
394 1108
395 1108
396 1108
397 1108
398 1108
399 1108
400 1108
401 1108
402 1108
403 1108
404 1108
405 1108
406 1108
407 1108
408 1108
409 1108
410 1108
411 1108
412 1108
413 1108
414 1108
415 1108
416 1108
417 1108
418 1108
419 1108
420 1108
421 1108
422 1108
423 1108
424 1108
425 1108
426 1108
427 1108
364 1109
365 1109
366 1109
367 1109
368 1109
369 1109
370 1109
371 1109
372 1109
373 1109
374 1109
375 1109
376 1109
377 1109
378 1109
379 1109
380 1109
381 1109
382 1109
383 1109
384 1109
385 1109
386 1109
387 1109
388 1109
389 1109
390 1109
391 1109
392 1109
393 1109
394 1109
395 1109
396 1109
397 1109
398 1109
399 1109
400 1109
401 1109
402 1109
403 1109
404 1109
405 1109
406 1109
407 1109
408 1109
409 1109
410 1109
411 1109
412 1109
413 1109
414 1109
415 1109
416 1109
417 1109
418 1109
419 1109
420 1109
421 1109
422 1109
423 1109
424 1109
425 1109
426 1109
427 1109
361 1133
362 1133
363 1133
364 1133
365 1133
366 1133
367 1133
368 1133
369 1133
370 1133
371 1133
372 1133
373 1133
374 1133
375 1133
376 1133
377 1133
378 1133
379 1133
380 1133
381 1133
382 1133
383 1133
384 1133
385 1133
386 1133
387 1133
388 1133
389 1133
390 1133
391 1133
392 1133
393 1133
394 1133
395 1133
396 1133
397 1133
398 1133
399 1133
400 1133
401 1133
402 1133
403 1133
404 1133
405 1133
406 1133
407 1133
408 1133
409 1133
410 1133
411 1133
412 1133
413 1133
414 1133
415 1133
416 1133
417 1133
418 1133
419 1133
420 1133
421 1133
422 1133
423 1133
424 1133
425 1133
426 1133
427 1133
428 1133
359 1166
360 1166
361 1166
362 1166
363 1166
364 1166
365 1166
366 1166
367 1166
368 1166
369 1166
370 1166
371 1166
372 1166
373 1166
374 1166
375 1166
376 1166
377 1166
378 1166
379 1166
380 1166
381 1166
382 1166
383 1166
384 1166
385 1166
386 1166
387 1166
388 1166
389 1166
390 1166
391 1166
392 1166
393 1166
394 1166
395 1166
396 1166
397 1166
398 1166
399 1166
400 1166
401 1166
402 1166
403 1166
404 1166
405 1166
406 1166
407 1166
408 1166
409 1166
410 1166
411 1166
412 1166
413 1166
414 1166
415 1166
416 1166
417 1166
418 1166
419 1166
420 1166
421 1166
422 1166
423 1166
424 1166
425 1166
426 1166
427 1166
428 1166
354 1171
355 1171
356 1171
357 1171
358 1171
359 1171
360 1171
361 1171
362 1171
363 1171
364 1171
365 1171
366 1171
367 1171
368 1171
369 1171
370 1171
371 1171
372 1171
373 1171
374 1171
375 1171
376 1171
377 1171
378 1171
379 1171
380 1171
381 1171
382 1171
383 1171
384 1171
385 1171
386 1171
387 1171
388 1171
389 1171
390 1171
391 1171
392 1171
393 1171
394 1171
395 1171
396 1171
397 1171
398 1171
399 1171
400 1171
401 1171
402 1171
403 1171
404 1171
405 1171
406 1171
407 1171
408 1171
409 1171
410 1171
411 1171
412 1171
413 1171
414 1171
415 1171
416 1171
417 1171
418 1171
419 1171
420 1171
421 1171
422 1171
423 1171
424 1171
425 1171
426 1171
427 1171
428 1171
429 1171
430 1171
431 1171
432 1171
433 1171
134 1210
135 1210
136 1210
137 1210
138 1210
139 1210
140 1210
141 1210
142 1210
143 1210
144 1210
145 1210
146 1210
147 1210
148 1210
149 1210
150 1210
151 1210
152 1210
153 1210
154 1210
155 1210
156 1210
157 1210
158 1210
159 1210
160 1210
161 1210
162 1210
163 1210
164 1210
165 1210
166 1210
167 1210
168 1210
169 1210
170 1210
171 1210
172 1210
173 1210
174 1210
175 1210
176 1210
177 1210
178 1210
179 1210
180 1210
181 1210
182 1210
183 1210
184 1210
185 1210
186 1210
187 1210
188 1210
189 1210
190 1210
191 1210
192 1210
193 1210
194 1210
195 1210
196 1210
197 1210
198 1210
199 1210
200 1210
201 1210
202 1210
203 1210
204 1210
205 1210
206 1210
207 1210
208 1210
209 1210
210 1210
211 1210
212 1210
213 1210
214 1210
215 1210
216 1210
217 1210
218 1210
219 1210
220 1210
221 1210
222 1210
223 1210
224 1210
225 1210
226 1210
227 1210
228 1210
229 1210
230 1210
231 1210
232 1210
233 1210
234 1210
235 1210
236 1210
237 1210
238 1210
239 1210
240 1210
241 1210
242 1210
243 1210
244 1210
245 1210
246 1210
247 1210
248 1210
249 1210
250 1210
251 1210
252 1210
253 1210
254 1210
255 1210
256 1210
257 1210
258 1210
259 1210
260 1210
261 1210
262 1210
263 1210
264 1210
265 1210
266 1210
267 1210
268 1210
269 1210
270 1210
271 1210
272 1210
273 1210
274 1210
275 1210
276 1210
277 1210
278 1210
279 1210
280 1210
281 1210
282 1210
283 1210
284 1210
285 1210
286 1210
287 1210
288 1210
289 1210
290 1210
291 1210
292 1210
293 1210
294 1210
295 1210
296 1210
297 1210
298 1210
299 1210
300 1210
301 1210
302 1210
303 1210
304 1210
305 1210
306 1210
307 1210
308 1210
309 1210
310 1210
311 1210
312 1210
313 1210
314 1210
315 1210
316 1210
317 1210
318 1210
319 1210
320 1210
321 1210
322 1210
323 1210
324 1210
325 1210
326 1210
327 1210
328 1210
329 1210
330 1210
331 1210
332 1210
333 1210
334 1210
335 1210
336 1210
337 1210
338 1210
339 1210
340 1210
341 1210
342 1210
343 1210
344 1210
345 1210
346 1210
347 1210
348 1210
349 1210
350 1210
351 1210
352 1210
353 1210
354 1210
355 1210
356 1210
357 1210
358 1210
359 1210
360 1210
361 1210
362 1210
363 1210
364 1210
365 1210
366 1210
367 1210
368 1210
369 1210
370 1210
371 1210
372 1210
373 1210
374 1210
375 1210
376 1210
377 1210
378 1210
379 1210
380 1210
381 1210
382 1210
383 1210
384 1210
385 1210
386 1210
387 1210
388 1210
389 1210
390 1210
391 1210
392 1210
393 1210
394 1210
395 1210
396 1210
397 1210
398 1210
399 1210
400 1210
401 1210
402 1210
403 1210
404 1210
405 1210
406 1210
407 1210
408 1210
409 1210
410 1210
411 1210
412 1210
413 1210
414 1210
415 1210
416 1210
417 1210
418 1210
419 1210
420 1210
421 1210
422 1210
423 1210
424 1210
425 1210
426 1210
427 1210
428 1210
429 1210
430 1210
431 1210
432 1210
433 1210
434 1210
435 1210
436 1210
437 1210
438 1210
439 1210
440 1210
441 1210
442 1210
443 1210
444 1210
445 1210
446 1210
447 1210
448 1210
449 1210
450 1210
451 1210
452 1210
453 1210
454 1210
455 1210
456 1210
457 1210
458 1210
459 1210
460 1210
461 1210
462 1210
463 1210
464 1210
465 1210
466 1210
467 1210
468 1210
469 1210
470 1210
471 1210
472 1210
473 1210
474 1210
475 1210
476 1210
477 1210
478 1210
479 1210
480 1210
481 1210
482 1210
483 1210
484 1210
485 1210
486 1210
487 1210
488 1210
489 1210
490 1210
491 1210
492 1210
493 1210
494 1210
495 1210
496 1210
497 1210
498 1210
499 1210
500 1210
501 1210
502 1210
503 1210
504 1210
505 1210
506 1210
507 1210
508 1210
509 1210
510 1210
511 1210
512 1210
513 1210
514 1210
515 1210
516 1210
517 1210
518 1210
519 1210
520 1210
521 1210
522 1210
523 1210
524 1210
525 1210
526 1210
527 1210
528 1210
529 1210
530 1210
531 1210
532 1210
533 1210
534 1210
535 1210
536 1210
537 1210
538 1210
539 1210
540 1210
541 1210
542 1210
543 1210
544 1210
545 1210
546 1210
547 1210
548 1210
549 1210
550 1210
551 1210
552 1210
553 1210
554 1210
555 1210
556 1210
557 1210
558 1210
559 1210
560 1210
561 1210
562 1210
563 1210
564 1210
565 1210
566 1210
567 1210
568 1210
569 1210
570 1210
571 1210
572 1210
573 1210
574 1210
575 1210
576 1210
577 1210
578 1210
579 1210
580 1210
581 1210
582 1210
583 1210
584 1210
585 1210
586 1210
587 1210
588 1210
589 1210
590 1210
591 1210
592 1210
593 1210
594 1210
595 1210
596 1210
597 1210
598 1210
599 1210
600 1210
601 1210
602 1210
603 1210
604 1210
605 1210
606 1210
607 1210
608 1210
609 1210
610 1210
611 1210
612 1210
613 1210
614 1210
615 1210
616 1210
617 1210
618 1210
619 1210
620 1210
621 1210
622 1210
623 1210
624 1210
625 1210
626 1210
627 1210
628 1210
629 1210
630 1210
631 1210
632 1210
633 1210
634 1210
635 1210
636 1210
637 1210
638 1210
639 1210
640 1210
641 1210
642 1210
643 1210
644 1210
645 1210
646 1210
647 1210
648 1210
649 1210
650 1210
651 1210
652 1210
653 1210
654 1210
655 1210
656 1210
657 1210
658 1210
659 1210
660 1210
661 1210
662 1210
663 1210
664 1210
665 1210
666 1210
667 1210
668 1210
669 1210
670 1210
671 1210
672 1210
673 1210
674 1210
675 1210
676 1210
677 1210
678 1210
679 1210
680 1210
681 1210
682 1210
683 1210
684 1210
685 1210
686 1210
687 1210
688 1210
689 1210
690 1210
691 1210
692 1210
693 1210
694 1210
695 1210
696 1210
697 1210
698 1210
699 1210
700 1210
701 1210
702 1210
703 1210
704 1210
705 1210
706 1210
707 1210
708 1210
709 1210
710 1210
711 1210
712 1210
713 1210
714 1210
715 1210
357 1232
358 1232
359 1232
360 1232
361 1232
362 1232
363 1232
364 1232
365 1232
366 1232
367 1232
368 1232
369 1232
370 1232
371 1232
372 1232
373 1232
374 1232
375 1232
376 1232
377 1232
378 1232
379 1232
380 1232
381 1232
382 1232
383 1232
384 1232
385 1232
386 1232
387 1232
388 1232
389 1232
390 1232
391 1232
392 1232
393 1232
394 1232
395 1232
396 1232
397 1232
398 1232
399 1232
400 1232
401 1232
402 1232
403 1232
404 1232
405 1232
406 1232
407 1232
408 1232
409 1232
410 1232
411 1232
412 1232
413 1232
414 1232
415 1232
416 1232
417 1232
418 1232
419 1232
420 1232
421 1232
422 1232
423 1232
350 1281
351 1281
352 1281
353 1281
354 1281
355 1281
356 1281
357 1281
358 1281
359 1281
360 1281
361 1281
362 1281
363 1281
364 1281
365 1281
366 1281
367 1281
368 1281
369 1281
370 1281
371 1281
372 1281
373 1281
374 1281
375 1281
376 1281
377 1281
378 1281
379 1281
380 1281
381 1281
382 1281
383 1281
384 1281
385 1281
386 1281
387 1281
388 1281
389 1281
390 1281
391 1281
392 1281
393 1281
394 1281
395 1281
396 1281
397 1281
398 1281
399 1281
400 1281
401 1281
402 1281
403 1281
404 1281
405 1281
406 1281
407 1281
408 1281
409 1281
410 1281
411 1281
412 1281
413 1281
414 1281
415 1281
416 1281
417 1281
418 1281
419 1281
420 1281
421 1281
422 1281
423 1281
424 1281
425 1281
426 1281
427 1281
428 1281
70 1289
71 1289
72 1289
73 1289
74 1289
75 1289
76 1289
77 1289
78 1289
79 1289
80 1289
81 1289
82 1289
83 1289
84 1289
85 1289
86 1289
87 1289
88 1289
89 1289
90 1289
91 1289
92 1289
93 1289
94 1289
95 1289
96 1289
97 1289
98 1289
99 1289
100 1289
101 1289
102 1289
103 1289
104 1289
105 1289
106 1289
107 1289
108 1289
109 1289
110 1289
111 1289
112 1289
113 1289
114 1289
115 1289
116 1289
117 1289
118 1289
119 1289
120 1289
121 1289
122 1289
123 1289
124 1289
125 1289
126 1289
127 1289
128 1289
129 1289
130 1289
131 1289
132 1289
133 1289
134 1289
135 1289
136 1289
137 1289
138 1289
139 1289
140 1289
141 1289
142 1289
143 1289
144 1289
145 1289
146 1289
147 1289
148 1289
149 1289
150 1289
151 1289
152 1289
153 1289
154 1289
155 1289
156 1289
157 1289
158 1289
159 1289
160 1289
161 1289
162 1289
163 1289
164 1289
165 1289
166 1289
167 1289
168 1289
169 1289
170 1289
171 1289
172 1289
173 1289
174 1289
175 1289
176 1289
177 1289
178 1289
179 1289
180 1289
181 1289
182 1289
183 1289
184 1289
185 1289
186 1289
187 1289
188 1289
189 1289
190 1289
191 1289
192 1289
193 1289
194 1289
195 1289
196 1289
197 1289
198 1289
199 1289
200 1289
201 1289
202 1289
203 1289
204 1289
205 1289
206 1289
207 1289
208 1289
209 1289
210 1289
211 1289
212 1289
213 1289
214 1289
215 1289
216 1289
217 1289
218 1289
219 1289
220 1289
221 1289
222 1289
223 1289
224 1289
225 1289
226 1289
227 1289
228 1289
229 1289
230 1289
231 1289
232 1289
233 1289
234 1289
235 1289
236 1289
237 1289
238 1289
239 1289
240 1289
241 1289
242 1289
243 1289
244 1289
245 1289
246 1289
247 1289
248 1289
249 1289
250 1289
251 1289
252 1289
253 1289
254 1289
255 1289
256 1289
257 1289
258 1289
259 1289
260 1289
261 1289
262 1289
263 1289
264 1289
265 1289
266 1289
267 1289
268 1289
269 1289
270 1289
271 1289
272 1289
273 1289
274 1289
275 1289
276 1289
277 1289
278 1289
279 1289
280 1289
281 1289
282 1289
283 1289
284 1289
285 1289
286 1289
287 1289
288 1289
289 1289
290 1289
291 1289
292 1289
293 1289
294 1289
295 1289
296 1289
297 1289
298 1289
299 1289
300 1289
301 1289
302 1289
303 1289
304 1289
305 1289
306 1289
307 1289
308 1289
309 1289
310 1289
311 1289
312 1289
313 1289
314 1289
315 1289
316 1289
317 1289
318 1289
319 1289
320 1289
321 1289
322 1289
323 1289
324 1289
325 1289
326 1289
327 1289
328 1289
329 1289
330 1289
331 1289
332 1289
333 1289
334 1289
335 1289
336 1289
337 1289
338 1289
339 1289
340 1289
341 1289
342 1289
343 1289
344 1289
345 1289
346 1289
347 1289
348 1289
349 1289
350 1289
351 1289
352 1289
353 1289
354 1289
355 1289
356 1289
357 1289
358 1289
359 1289
360 1289
361 1289
362 1289
363 1289
364 1289
365 1289
366 1289
367 1289
368 1289
369 1289
370 1289
371 1289
372 1289
373 1289
374 1289
375 1289
376 1289
377 1289
378 1289
379 1289
380 1289
381 1289
382 1289
383 1289
384 1289
385 1289
386 1289
387 1289
388 1289
389 1289
390 1289
391 1289
392 1289
393 1289
394 1289
395 1289
396 1289
397 1289
398 1289
399 1289
400 1289
401 1289
402 1289
403 1289
404 1289
405 1289
406 1289
407 1289
408 1289
409 1289
410 1289
411 1289
412 1289
413 1289
414 1289
415 1289
416 1289
417 1289
418 1289
419 1289
420 1289
421 1289
422 1289
423 1289
424 1289
425 1289
426 1289
427 1289
428 1289
429 1289
430 1289
431 1289
432 1289
433 1289
434 1289
435 1289
436 1289
437 1289
438 1289
439 1289
440 1289
441 1289
442 1289
443 1289
444 1289
445 1289
446 1289
447 1289
448 1289
449 1289
450 1289
451 1289
452 1289
453 1289
454 1289
455 1289
456 1289
457 1289
458 1289
459 1289
460 1289
461 1289
462 1289
463 1289
464 1289
465 1289
466 1289
467 1289
468 1289
469 1289
470 1289
471 1289
472 1289
473 1289
474 1289
475 1289
476 1289
477 1289
478 1289
479 1289
480 1289
481 1289
482 1289
483 1289
484 1289
485 1289
486 1289
487 1289
488 1289
489 1289
490 1289
491 1289
492 1289
493 1289
494 1289
495 1289
496 1289
497 1289
498 1289
499 1289
500 1289
501 1289
502 1289
503 1289
504 1289
505 1289
506 1289
507 1289
508 1289
509 1289
510 1289
511 1289
512 1289
513 1289
514 1289
515 1289
516 1289
517 1289
518 1289
519 1289
520 1289
521 1289
522 1289
523 1289
524 1289
525 1289
526 1289
527 1289
528 1289
529 1289
530 1289
531 1289
532 1289
533 1289
534 1289
535 1289
536 1289
537 1289
538 1289
539 1289
540 1289
541 1289
542 1289
543 1289
544 1289
545 1289
546 1289
547 1289
548 1289
549 1289
550 1289
551 1289
552 1289
553 1289
554 1289
555 1289
556 1289
557 1289
558 1289
559 1289
560 1289
561 1289
562 1289
563 1289
564 1289
565 1289
566 1289
567 1289
568 1289
569 1289
570 1289
571 1289
572 1289
573 1289
574 1289
575 1289
576 1289
577 1289
578 1289
579 1289
580 1289
581 1289
582 1289
583 1289
584 1289
585 1289
586 1289
587 1289
588 1289
589 1289
590 1289
591 1289
592 1289
593 1289
594 1289
595 1289
596 1289
597 1289
598 1289
599 1289
600 1289
601 1289
602 1289
603 1289
604 1289
605 1289
606 1289
607 1289
608 1289
609 1289
610 1289
611 1289
612 1289
613 1289
614 1289
615 1289
616 1289
617 1289
618 1289
619 1289
620 1289
621 1289
622 1289
623 1289
624 1289
625 1289
626 1289
627 1289
628 1289
629 1289
630 1289
631 1289
632 1289
633 1289
634 1289
635 1289
636 1289
637 1289
638 1289
639 1289
640 1289
641 1289
642 1289
643 1289
644 1289
645 1289
646 1289
647 1289
648 1289
649 1289
650 1289
651 1289
652 1289
653 1289
654 1289
655 1289
656 1289
657 1289
658 1289
659 1289
660 1289
661 1289
662 1289
663 1289
664 1289
665 1289
666 1289
667 1289
668 1289
669 1289
670 1289
671 1289
672 1289
673 1289
674 1289
675 1289
676 1289
677 1289
678 1289
679 1289
680 1289
681 1289
682 1289
683 1289
684 1289
685 1289
686 1289
687 1289
688 1289
689 1289
690 1289
691 1289
692 1289
693 1289
694 1289
695 1289
696 1289
697 1289
698 1289
699 1289
700 1289
701 1289
702 1289
703 1289
704 1289
705 1289
706 1289
707 1289
708 1289
709 1289
710 1289
711 1289
712 1289
713 1289
714 1289
715 1289
716 1289
717 1289
718 1289
719 1289
720 1289
721 1289
722 1289
723 1289
724 1289
725 1289
726 1289
727 1289
728 1289
729 1289
730 1289
731 1289
732 1289
733 1289
734 1289
735 1289
736 1289
737 1289
738 1289
739 1289
740 1289
741 1289
742 1289
743 1289
744 1289
745 1289
746 1289
747 1289
748 1289
749 1289
750 1289
751 1289
752 1289
753 1289
754 1289
755 1289
756 1289
757 1289
758 1289
759 1289
760 1289
761 1289
762 1289
763 1289
764 1289
765 1289
766 1289
767 1289
768 1289
769 1289
770 1289
771 1289
772 1289
773 1289
774 1289
775 1289
776 1289
777 1289
778 1289
779 1289
780 1289
781 1289
782 1289
783 1289
784 1289
785 1289
786 1289
353 1366
354 1366
355 1366
356 1366
357 1366
358 1366
359 1366
360 1366
361 1366
362 1366
363 1366
364 1366
365 1366
366 1366
367 1366
368 1366
369 1366
370 1366
371 1366
372 1366
373 1366
374 1366
375 1366
376 1366
377 1366
378 1366
379 1366
380 1366
381 1366
382 1366
383 1366
384 1366
385 1366
386 1366
387 1366
388 1366
389 1366
390 1366
391 1366
392 1366
393 1366
394 1366
395 1366
396 1366
397 1366
398 1366
399 1366
400 1366
401 1366
402 1366
403 1366
404 1366
405 1366
406 1366
407 1366
408 1366
409 1366
410 1366
411 1366
412 1366
413 1366
414 1366
415 1366
416 1366
343 1425
344 1425
345 1425
346 1425
347 1425
348 1425
349 1425
350 1425
351 1425
352 1425
353 1425
354 1425
355 1425
356 1425
357 1425
358 1425
359 1425
360 1425
361 1425
362 1425
363 1425
364 1425
365 1425
366 1425
367 1425
368 1425
369 1425
370 1425
371 1425
372 1425
373 1425
374 1425
375 1425
376 1425
377 1425
378 1425
379 1425
380 1425
381 1425
382 1425
383 1425
384 1425
385 1425
386 1425
387 1425
388 1425
389 1425
390 1425
391 1425
392 1425
393 1425
394 1425
395 1425
396 1425
397 1425
398 1425
399 1425
400 1425
401 1425
402 1425
403 1425
404 1425
405 1425
406 1425
407 1425
408 1425
409 1425
410 1425
411 1425
412 1425
413 1425
414 1425
415 1425
416 1425
417 1425
418 1425
419 1425
420 1425
421 1425
422 1425
423 1425
218 1461
219 1461
220 1461
221 1461
222 1461
223 1461
224 1461
225 1461
226 1461
227 1461
228 1461
229 1461
230 1461
231 1461
232 1461
233 1461
234 1461
235 1461
236 1461
237 1461
238 1461
239 1461
240 1461
241 1461
242 1461
243 1461
244 1461
245 1461
246 1461
247 1461
248 1461
249 1461
250 1461
251 1461
252 1461
253 1461
254 1461
255 1461
256 1461
257 1461
258 1461
259 1461
260 1461
261 1461
262 1461
263 1461
264 1461
265 1461
266 1461
267 1461
268 1461
269 1461
270 1461
271 1461
272 1461
273 1461
274 1461
275 1461
276 1461
277 1461
278 1461
279 1461
280 1461
281 1461
282 1461
283 1461
284 1461
285 1461
286 1461
287 1461
288 1461
289 1461
290 1461
291 1461
292 1461
293 1461
294 1461
295 1461
296 1461
297 1461
298 1461
299 1461
300 1461
301 1461
302 1461
303 1461
304 1461
305 1461
306 1461
307 1461
308 1461
309 1461
310 1461
311 1461
312 1461
313 1461
314 1461
315 1461
316 1461
317 1461
318 1461
319 1461
320 1461
321 1461
322 1461
323 1461
324 1461
325 1461
326 1461
327 1461
328 1461
329 1461
330 1461
331 1461
332 1461
333 1461
334 1461
335 1461
336 1461
337 1461
338 1461
339 1461
340 1461
341 1461
342 1461
343 1461
344 1461
345 1461
346 1461
347 1461
348 1461
349 1461
350 1461
351 1461
352 1461
353 1461
354 1461
355 1461
356 1461
357 1461
358 1461
359 1461
360 1461
361 1461
362 1461
363 1461
364 1461
365 1461
366 1461
367 1461
368 1461
369 1461
370 1461
371 1461
372 1461
373 1461
374 1461
375 1461
376 1461
377 1461
378 1461
379 1461
380 1461
381 1461
382 1461
383 1461
384 1461
385 1461
386 1461
387 1461
388 1461
389 1461
390 1461
391 1461
392 1461
393 1461
394 1461
395 1461
396 1461
397 1461
398 1461
399 1461
400 1461
401 1461
402 1461
403 1461
404 1461
405 1461
406 1461
407 1461
408 1461
409 1461
410 1461
411 1461
412 1461
413 1461
414 1461
415 1461
416 1461
417 1461
418 1461
419 1461
420 1461
421 1461
422 1461
423 1461
424 1461
425 1461
426 1461
427 1461
428 1461
429 1461
430 1461
431 1461
432 1461
433 1461
434 1461
435 1461
436 1461
437 1461
438 1461
439 1461
440 1461
441 1461
442 1461
443 1461
444 1461
445 1461
446 1461
447 1461
448 1461
449 1461
450 1461
451 1461
452 1461
453 1461
454 1461
455 1461
456 1461
457 1461
458 1461
459 1461
460 1461
461 1461
462 1461
463 1461
464 1461
465 1461
466 1461
467 1461
468 1461
469 1461
470 1461
471 1461
472 1461
473 1461
474 1461
475 1461
476 1461
477 1461
478 1461
479 1461
480 1461
481 1461
482 1461
483 1461
484 1461
485 1461
486 1461
487 1461
488 1461
489 1461
490 1461
491 1461
492 1461
493 1461
494 1461
495 1461
496 1461
497 1461
498 1461
499 1461
500 1461
501 1461
502 1461
503 1461
504 1461
505 1461
506 1461
507 1461
508 1461
509 1461
510 1461
511 1461
512 1461
513 1461
514 1461
515 1461
516 1461
517 1461
518 1461
519 1461
520 1461
521 1461
522 1461
523 1461
524 1461
525 1461
526 1461
527 1461
528 1461
529 1461
530 1461
531 1461
532 1461
533 1461
534 1461
535 1461
536 1461
537 1461
538 1461
539 1461
540 1461
541 1461
542 1461
543 1461
544 1461
545 1461
546 1461
547 1461
548 1461
549 1461
550 1461
551 1461
552 1461
553 1461
554 1461
555 1461
556 1461
557 1461
558 1461
559 1461
560 1461
561 1461
562 1461
563 1461
564 1461
565 1461
566 1461
567 1461
568 1461
569 1461
570 1461
571 1461
572 1461
573 1461
574 1461
575 1461
576 1461
577 1461
578 1461
579 1461
580 1461
581 1461
582 1461
583 1461
584 1461
585 1461
330 1587
331 1587
332 1587
333 1587
334 1587
335 1587
336 1587
337 1587
338 1587
339 1587
340 1587
341 1587
342 1587
343 1587
344 1587
345 1587
346 1587
347 1587
348 1587
349 1587
350 1587
351 1587
352 1587
353 1587
354 1587
355 1587
356 1587
357 1587
358 1587
359 1587
360 1587
361 1587
362 1587
363 1587
364 1587
365 1587
366 1587
367 1587
368 1587
369 1587
370 1587
371 1587
372 1587
373 1587
374 1587
375 1587
376 1587
377 1587
378 1587
379 1587
380 1587
381 1587
382 1587
383 1587
384 1587
385 1587
386 1587
387 1587
388 1587
389 1587
390 1587
391 1587
392 1587
393 1587
394 1587
395 1587
396 1587
397 1587
398 1587
399 1587
400 1587
401 1587
402 1587
403 1587
404 1587
405 1587
406 1587
407 1587
408 1587
409 1587
410 1587
411 1587
412 1587
413 1587
414 1587
415 1587
416 1587
417 1587
418 1587
419 1587
420 1587
421 1587
422 1587
423 1587
424 1587
425 1587
333 1658
334 1658
335 1658
336 1658
337 1658
338 1658
339 1658
340 1658
341 1658
342 1658
343 1658
344 1658
345 1658
346 1658
347 1658
348 1658
349 1658
350 1658
351 1658
352 1658
353 1658
354 1658
355 1658
356 1658
357 1658
358 1658
359 1658
360 1658
361 1658
362 1658
363 1658
364 1658
365 1658
366 1658
367 1658
368 1658
369 1658
370 1658
371 1658
372 1658
373 1658
374 1658
375 1658
376 1658
377 1658
378 1658
379 1658
380 1658
381 1658
382 1658
383 1658
384 1658
385 1658
386 1658
387 1658
388 1658
389 1658
390 1658
391 1658
392 1658
393 1658
394 1658
395 1658
396 1658
397 1658
398 1658
399 1658
400 1658
401 1658
402 1658
403 1658
404 1658
405 1658
406 1658
407 1658
408 1658
409 1658
410 1658
411 1658
412 1658
413 1658
414 1658
340 1661
341 1661
342 1661
343 1661
344 1661
345 1661
346 1661
347 1661
348 1661
349 1661
350 1661
351 1661
352 1661
353 1661
354 1661
355 1661
356 1661
357 1661
358 1661
359 1661
360 1661
361 1661
362 1661
363 1661
364 1661
365 1661
366 1661
367 1661
368 1661
369 1661
370 1661
371 1661
372 1661
373 1661
374 1661
375 1661
376 1661
377 1661
378 1661
379 1661
380 1661
381 1661
382 1661
383 1661
384 1661
385 1661
386 1661
387 1661
388 1661
389 1661
390 1661
391 1661
392 1661
393 1661
394 1661
395 1661
396 1661
397 1661
398 1661
399 1661
400 1661
401 1661
402 1661
403 1661
404 1661
321 1669
322 1669
323 1669
324 1669
325 1669
326 1669
327 1669
328 1669
329 1669
330 1669
331 1669
332 1669
333 1669
334 1669
335 1669
336 1669
337 1669
338 1669
339 1669
340 1669
341 1669
342 1669
343 1669
344 1669
345 1669
346 1669
347 1669
348 1669
349 1669
350 1669
351 1669
352 1669
353 1669
354 1669
355 1669
356 1669
357 1669
358 1669
359 1669
360 1669
361 1669
362 1669
363 1669
364 1669
365 1669
366 1669
367 1669
368 1669
369 1669
370 1669
371 1669
372 1669
373 1669
374 1669
375 1669
376 1669
377 1669
378 1669
379 1669
380 1669
381 1669
382 1669
383 1669
384 1669
385 1669
386 1669
387 1669
388 1669
389 1669
390 1669
391 1669
392 1669
393 1669
394 1669
395 1669
396 1669
397 1669
398 1669
399 1669
400 1669
401 1669
402 1669
403 1669
404 1669
405 1669
406 1669
407 1669
408 1669
409 1669
410 1669
411 1669
412 1669
413 1669
414 1669
415 1669
416 1669
417 1669
418 1669
419 1669
420 1669
421 1669
422 1669
423 1669
424 1669
425 1669
426 1669
427 1669
428 1669
429 1669
339 1687
340 1687
341 1687
342 1687
343 1687
344 1687
345 1687
346 1687
347 1687
348 1687
349 1687
350 1687
351 1687
352 1687
353 1687
354 1687
355 1687
356 1687
357 1687
358 1687
359 1687
360 1687
361 1687
362 1687
363 1687
364 1687
365 1687
366 1687
367 1687
368 1687
369 1687
370 1687
371 1687
372 1687
373 1687
374 1687
375 1687
376 1687
377 1687
378 1687
379 1687
380 1687
381 1687
382 1687
383 1687
384 1687
385 1687
386 1687
387 1687
388 1687
389 1687
390 1687
391 1687
392 1687
393 1687
394 1687
395 1687
396 1687
397 1687
398 1687
399 1687
400 1687
401 1687
402 1687
132 1790
133 1790
134 1790
135 1790
136 1790
137 1790
138 1790
139 1790
140 1790
141 1790
142 1790
143 1790
144 1790
145 1790
146 1790
147 1790
148 1790
149 1790
150 1790
151 1790
152 1790
153 1790
154 1790
155 1790
156 1790
157 1790
158 1790
159 1790
160 1790
161 1790
162 1790
163 1790
164 1790
165 1790
166 1790
167 1790
168 1790
169 1790
170 1790
171 1790
172 1790
173 1790
174 1790
175 1790
176 1790
177 1790
178 1790
179 1790
180 1790
181 1790
182 1790
183 1790
184 1790
185 1790
186 1790
187 1790
188 1790
189 1790
190 1790
191 1790
192 1790
193 1790
194 1790
195 1790
196 1790
197 1790
198 1790
199 1790
200 1790
201 1790
202 1790
203 1790
204 1790
205 1790
206 1790
207 1790
208 1790
209 1790
210 1790
211 1790
212 1790
213 1790
214 1790
215 1790
216 1790
217 1790
218 1790
219 1790
220 1790
221 1790
222 1790
223 1790
224 1790
225 1790
226 1790
227 1790
228 1790
229 1790
230 1790
231 1790
232 1790
233 1790
234 1790
235 1790
236 1790
237 1790
238 1790
239 1790
240 1790
241 1790
242 1790
243 1790
244 1790
245 1790
246 1790
247 1790
248 1790
249 1790
250 1790
251 1790
252 1790
253 1790
254 1790
255 1790
256 1790
257 1790
258 1790
259 1790
260 1790
261 1790
262 1790
263 1790
264 1790
265 1790
266 1790
267 1790
268 1790
269 1790
270 1790
271 1790
272 1790
273 1790
274 1790
275 1790
276 1790
277 1790
278 1790
279 1790
280 1790
281 1790
282 1790
283 1790
284 1790
285 1790
286 1790
287 1790
288 1790
289 1790
290 1790
291 1790
292 1790
293 1790
294 1790
295 1790
296 1790
297 1790
298 1790
299 1790
300 1790
301 1790
302 1790
303 1790
304 1790
305 1790
306 1790
307 1790
308 1790
309 1790
310 1790
311 1790
312 1790
313 1790
314 1790
315 1790
316 1790
317 1790
318 1790
319 1790
320 1790
321 1790
322 1790
323 1790
324 1790
325 1790
326 1790
327 1790
328 1790
329 1790
330 1790
331 1790
332 1790
333 1790
334 1790
335 1790
336 1790
337 1790
338 1790
339 1790
340 1790
341 1790
342 1790
343 1790
344 1790
345 1790
346 1790
347 1790
348 1790
349 1790
350 1790
351 1790
352 1790
353 1790
354 1790
355 1790
356 1790
357 1790
358 1790
359 1790
360 1790
361 1790
362 1790
363 1790
364 1790
365 1790
366 1790
367 1790
368 1790
369 1790
370 1790
371 1790
372 1790
373 1790
374 1790
375 1790
376 1790
377 1790
378 1790
379 1790
380 1790
381 1790
382 1790
383 1790
384 1790
385 1790
386 1790
387 1790
388 1790
389 1790
390 1790
391 1790
392 1790
393 1790
394 1790
395 1790
396 1790
397 1790
398 1790
399 1790
400 1790
401 1790
402 1790
403 1790
404 1790
405 1790
406 1790
407 1790
408 1790
409 1790
410 1790
411 1790
412 1790
413 1790
414 1790
415 1790
416 1790
417 1790
418 1790
419 1790
420 1790
421 1790
422 1790
423 1790
424 1790
425 1790
426 1790
427 1790
428 1790
429 1790
430 1790
431 1790
432 1790
433 1790
434 1790
435 1790
436 1790
437 1790
438 1790
439 1790
440 1790
441 1790
442 1790
443 1790
444 1790
445 1790
446 1790
447 1790
448 1790
449 1790
450 1790
451 1790
452 1790
453 1790
454 1790
455 1790
456 1790
457 1790
458 1790
459 1790
460 1790
461 1790
462 1790
463 1790
464 1790
465 1790
466 1790
467 1790
468 1790
469 1790
470 1790
471 1790
472 1790
473 1790
474 1790
475 1790
476 1790
477 1790
478 1790
479 1790
480 1790
481 1790
482 1790
483 1790
484 1790
485 1790
486 1790
487 1790
488 1790
489 1790
490 1790
491 1790
492 1790
493 1790
494 1790
495 1790
496 1790
497 1790
498 1790
499 1790
500 1790
501 1790
502 1790
503 1790
504 1790
505 1790
506 1790
507 1790
508 1790
509 1790
510 1790
511 1790
512 1790
513 1790
514 1790
515 1790
516 1790
517 1790
518 1790
519 1790
520 1790
521 1790
522 1790
523 1790
524 1790
525 1790
526 1790
527 1790
528 1790
529 1790
530 1790
531 1790
532 1790
533 1790
534 1790
535 1790
536 1790
537 1790
538 1790
539 1790
540 1790
541 1790
542 1790
543 1790
544 1790
545 1790
546 1790
547 1790
548 1790
549 1790
550 1790
551 1790
552 1790
553 1790
554 1790
555 1790
556 1790
557 1790
558 1790
559 1790
560 1790
561 1790
562 1790
563 1790
564 1790
565 1790
566 1790
567 1790
568 1790
569 1790
570 1790
571 1790
572 1790
573 1790
574 1790
575 1790
576 1790
577 1790
578 1790
579 1790
580 1790
581 1790
582 1790
583 1790
584 1790
585 1790
586 1790
587 1790
588 1790
589 1790
590 1790
591 1790
592 1790
593 1790
594 1790
595 1790
596 1790
597 1790
598 1790
599 1790
600 1790
601 1790
602 1790
603 1790
604 1790
605 1790
606 1790
607 1790
608 1790
609 1790
610 1790
611 1790
612 1790
613 1790
614 1790
615 1790
616 1790
617 1790
618 1790
619 1790
620 1790
621 1790
622 1790
623 1790
624 1790
625 1790
626 1790
627 1790
628 1790
629 1790
630 1790
631 1790
632 1790
633 1790
634 1790
635 1790
636 1790
637 1790
638 1790
639 1790
640 1790
641 1790
642 1790
643 1790
644 1790
645 1790
646 1790
647 1790
648 1790
649 1790
650 1790
651 1790
652 1790
653 1790
654 1790
655 1790
656 1790
657 1790
658 1790
659 1790
660 1790
661 1790
662 1790
324 1837
325 1837
326 1837
327 1837
328 1837
329 1837
330 1837
331 1837
332 1837
333 1837
334 1837
335 1837
336 1837
337 1837
338 1837
339 1837
340 1837
341 1837
342 1837
343 1837
344 1837
345 1837
346 1837
347 1837
348 1837
349 1837
350 1837
351 1837
352 1837
353 1837
354 1837
355 1837
356 1837
357 1837
358 1837
359 1837
360 1837
361 1837
362 1837
363 1837
364 1837
365 1837
366 1837
367 1837
368 1837
369 1837
370 1837
371 1837
372 1837
373 1837
374 1837
375 1837
376 1837
377 1837
378 1837
379 1837
380 1837
381 1837
382 1837
383 1837
384 1837
385 1837
386 1837
387 1837
388 1837
389 1837
390 1837
391 1837
392 1837
393 1837
394 1837
395 1837
396 1837
397 1837
398 1837
399 1837
400 1837
401 1837
402 1837
403 1837
404 1837
405 1837
406 1837
407 1837
408 1837
292 1840
293 1840
294 1840
295 1840
296 1840
297 1840
298 1840
299 1840
300 1840
301 1840
302 1840
303 1840
304 1840
305 1840
306 1840
307 1840
308 1840
309 1840
310 1840
311 1840
312 1840
313 1840
314 1840
315 1840
316 1840
317 1840
318 1840
319 1840
320 1840
321 1840
322 1840
323 1840
324 1840
325 1840
326 1840
327 1840
328 1840
329 1840
330 1840
331 1840
332 1840
333 1840
334 1840
335 1840
336 1840
337 1840
338 1840
339 1840
340 1840
341 1840
342 1840
343 1840
344 1840
345 1840
346 1840
347 1840
348 1840
349 1840
350 1840
351 1840
352 1840
353 1840
354 1840
355 1840
356 1840
357 1840
358 1840
359 1840
360 1840
361 1840
362 1840
363 1840
364 1840
365 1840
366 1840
367 1840
368 1840
369 1840
370 1840
371 1840
372 1840
373 1840
374 1840
375 1840
376 1840
377 1840
378 1840
379 1840
380 1840
381 1840
382 1840
383 1840
384 1840
385 1840
386 1840
387 1840
388 1840
389 1840
390 1840
391 1840
392 1840
393 1840
394 1840
395 1840
396 1840
397 1840
398 1840
399 1840
400 1840
401 1840
402 1840
403 1840
404 1840
405 1840
406 1840
407 1840
408 1840
409 1840
410 1840
411 1840
412 1840
413 1840
414 1840
415 1840
416 1840
417 1840
418 1840
419 1840
420 1840
421 1840
422 1840
423 1840
424 1840
425 1840
426 1840
427 1840
428 1840
429 1840
430 1840
431 1840
432 1840
433 1840
434 1840
435 1840
436 1840
437 1840
438 1840
439 1840
440 1840
441 1840
442 1840
443 1840
444 1840
445 1840
446 1840
447 1840
448 1840
449 1840
450 1840
291 1842
292 1842
293 1842
294 1842
295 1842
296 1842
297 1842
298 1842
299 1842
300 1842
301 1842
302 1842
303 1842
304 1842
305 1842
306 1842
307 1842
308 1842
309 1842
310 1842
311 1842
312 1842
313 1842
314 1842
315 1842
316 1842
317 1842
318 1842
319 1842
320 1842
321 1842
322 1842
323 1842
324 1842
325 1842
326 1842
327 1842
328 1842
329 1842
330 1842
331 1842
332 1842
333 1842
334 1842
335 1842
336 1842
337 1842
338 1842
339 1842
340 1842
341 1842
342 1842
343 1842
344 1842
345 1842
346 1842
347 1842
348 1842
349 1842
350 1842
351 1842
352 1842
353 1842
354 1842
355 1842
356 1842
357 1842
358 1842
359 1842
360 1842
361 1842
362 1842
363 1842
364 1842
365 1842
366 1842
367 1842
368 1842
369 1842
370 1842
371 1842
372 1842
373 1842
374 1842
375 1842
376 1842
377 1842
378 1842
379 1842
380 1842
381 1842
382 1842
383 1842
384 1842
385 1842
386 1842
387 1842
388 1842
389 1842
390 1842
391 1842
392 1842
393 1842
394 1842
395 1842
396 1842
397 1842
398 1842
399 1842
400 1842
401 1842
402 1842
403 1842
404 1842
405 1842
406 1842
407 1842
408 1842
409 1842
410 1842
411 1842
412 1842
413 1842
414 1842
415 1842
416 1842
417 1842
418 1842
419 1842
420 1842
421 1842
422 1842
423 1842
424 1842
425 1842
426 1842
427 1842
428 1842
429 1842
430 1842
431 1842
432 1842
433 1842
434 1842
435 1842
436 1842
437 1842
438 1842
439 1842
440 1842
441 1842
442 1842
443 1842
444 1842
445 1842
446 1842
447 1842
448 1842
449 1842
450 1842
451 1842
324 1859
325 1859
326 1859
327 1859
328 1859
329 1859
330 1859
331 1859
332 1859
333 1859
334 1859
335 1859
336 1859
337 1859
338 1859
339 1859
340 1859
341 1859
342 1859
343 1859
344 1859
345 1859
346 1859
347 1859
348 1859
349 1859
350 1859
351 1859
352 1859
353 1859
354 1859
355 1859
356 1859
357 1859
358 1859
359 1859
360 1859
361 1859
362 1859
363 1859
364 1859
365 1859
366 1859
367 1859
368 1859
369 1859
370 1859
371 1859
372 1859
373 1859
374 1859
375 1859
376 1859
377 1859
378 1859
379 1859
380 1859
381 1859
382 1859
383 1859
384 1859
385 1859
386 1859
387 1859
388 1859
389 1859
390 1859
391 1859
392 1859
393 1859
394 1859
395 1859
396 1859
397 1859
398 1859
399 1859
400 1859
401 1859
402 1859
403 1859
404 1859
405 1859
406 1859
330 1874
331 1874
332 1874
333 1874
334 1874
335 1874
336 1874
337 1874
338 1874
339 1874
340 1874
341 1874
342 1874
343 1874
344 1874
345 1874
346 1874
347 1874
348 1874
349 1874
350 1874
351 1874
352 1874
353 1874
354 1874
355 1874
356 1874
357 1874
358 1874
359 1874
360 1874
361 1874
362 1874
363 1874
364 1874
365 1874
366 1874
367 1874
368 1874
369 1874
370 1874
371 1874
372 1874
373 1874
374 1874
375 1874
376 1874
377 1874
378 1874
379 1874
380 1874
381 1874
382 1874
383 1874
384 1874
385 1874
386 1874
387 1874
388 1874
389 1874
390 1874
391 1874
392 1874
393 1874
394 1874
395 1874
396 1874
329 1878
330 1878
331 1878
332 1878
333 1878
334 1878
335 1878
336 1878
337 1878
338 1878
339 1878
340 1878
341 1878
342 1878
343 1878
344 1878
345 1878
346 1878
347 1878
348 1878
349 1878
350 1878
351 1878
352 1878
353 1878
354 1878
355 1878
356 1878
357 1878
358 1878
359 1878
360 1878
361 1878
362 1878
363 1878
364 1878
365 1878
366 1878
367 1878
368 1878
369 1878
370 1878
371 1878
372 1878
373 1878
374 1878
375 1878
376 1878
377 1878
378 1878
379 1878
380 1878
381 1878
382 1878
383 1878
384 1878
385 1878
386 1878
387 1878
388 1878
389 1878
390 1878
391 1878
392 1878
393 1878
394 1878
395 1878
396 1878
397 1878
316 1885
317 1885
318 1885
319 1885
320 1885
321 1885
322 1885
323 1885
324 1885
325 1885
326 1885
327 1885
328 1885
329 1885
330 1885
331 1885
332 1885
333 1885
334 1885
335 1885
336 1885
337 1885
338 1885
339 1885
340 1885
341 1885
342 1885
343 1885
344 1885
345 1885
346 1885
347 1885
348 1885
349 1885
350 1885
351 1885
352 1885
353 1885
354 1885
355 1885
356 1885
357 1885
358 1885
359 1885
360 1885
361 1885
362 1885
363 1885
364 1885
365 1885
366 1885
367 1885
368 1885
369 1885
370 1885
371 1885
372 1885
373 1885
374 1885
375 1885
376 1885
377 1885
378 1885
379 1885
380 1885
381 1885
382 1885
383 1885
384 1885
385 1885
386 1885
387 1885
388 1885
389 1885
390 1885
391 1885
392 1885
393 1885
394 1885
395 1885
396 1885
397 1885
398 1885
399 1885
400 1885
401 1885
402 1885
403 1885
404 1885
405 1885
406 1885
407 1885
408 1885
409 1885
410 1885
411 1885
412 1885
413 1885
414 1885
415 1885
316 1901
317 1901
318 1901
319 1901
320 1901
321 1901
322 1901
323 1901
324 1901
325 1901
326 1901
327 1901
328 1901
329 1901
330 1901
331 1901
332 1901
333 1901
334 1901
335 1901
336 1901
337 1901
338 1901
339 1901
340 1901
341 1901
342 1901
343 1901
344 1901
345 1901
346 1901
347 1901
348 1901
349 1901
350 1901
351 1901
352 1901
353 1901
354 1901
355 1901
356 1901
357 1901
358 1901
359 1901
360 1901
361 1901
362 1901
363 1901
364 1901
365 1901
366 1901
367 1901
368 1901
369 1901
370 1901
371 1901
372 1901
373 1901
374 1901
375 1901
376 1901
377 1901
378 1901
379 1901
380 1901
381 1901
382 1901
383 1901
384 1901
385 1901
386 1901
387 1901
388 1901
389 1901
390 1901
391 1901
392 1901
393 1901
394 1901
395 1901
396 1901
397 1901
398 1901
399 1901
400 1901
401 1901
402 1901
403 1901
404 1901
405 1901
406 1901
407 1901
408 1901
409 1901
410 1901
411 1901
412 1901
413 1901
