680, 252
680, 253
680, 254
680, 255
680, 256
680, 257
680, 258
680, 259
680, 260
680, 261
680, 262
680, 263
680, 264
680, 265
680, 266
680, 267
680, 268
680, 269
680, 270
680, 271
680, 272
680, 273
680, 274
680, 275
680, 276
680, 277
680, 278
680, 279
680, 280
680, 281
680, 282
680, 283
680, 284
680, 285
680, 286
680, 287
680, 288
680, 289
680, 290
680, 291
680, 292
680, 293
680, 294
680, 295
680, 296
680, 297
680, 298
680, 299
680, 300
680, 301
680, 302
680, 303
680, 304
680, 305
680, 306
680, 307
680, 308
680, 309
680, 310
680, 311
680, 312
680, 313
680, 314
680, 315
680, 316
680, 317
680, 318
680, 319
680, 320
680, 321
680, 322
680, 323
680, 324
680, 325
680, 326
680, 327
680, 328
680, 329
680, 330
680, 331
680, 332
680, 333
680, 334
680, 335
680, 336
680, 337
680, 338
680, 339
680, 340
680, 341
680, 342
680, 343
680, 344
680, 345
680, 346
680, 347
680, 348
680, 349
680, 350
680, 351
680, 352
680, 353
680, 354
680, 355
680, 356
680, 357
680, 358
680, 359
680, 360
680, 361
680, 362
680, 363
680, 364
680, 365
680, 366
680, 367
680, 368
680, 369
680, 370
680, 371
680, 372
680, 373
680, 374
680, 375
688, 264
688, 265
688, 266
688, 267
688, 268
688, 269
688, 270
688, 271
688, 272
688, 273
688, 274
688, 275
688, 276
688, 277
688, 278
688, 279
688, 280
688, 281
688, 282
688, 283
688, 284
688, 285
688, 286
688, 287
688, 288
688, 289
688, 290
688, 291
688, 292
688, 293
688, 294
688, 295
688, 296
688, 297
688, 298
688, 299
688, 300
688, 301
688, 302
688, 303
688, 304
688, 305
688, 306
690, 252
690, 253
690, 254
690, 255
690, 256
690, 257
690, 258
690, 259
690, 260
690, 261
690, 262
690, 263
690, 264
690, 265
690, 266
690, 267
690, 268
690, 269
690, 270
690, 271
690, 272
690, 273
690, 274
690, 275
690, 276
690, 277
690, 278
690, 279
690, 280
690, 281
690, 282
690, 283
690, 284
690, 285
690, 286
690, 287
690, 288
690, 289
690, 290
690, 291
690, 292
690, 293
690, 294
690, 295
690, 296
690, 297
690, 298
690, 299
690, 300
690, 301
690, 302
690, 303
690, 304
690, 305
690, 306
690, 307
690, 308
690, 309
690, 310
690, 311
690, 312
690, 313
690, 314
690, 315
690, 316
690, 317
690, 318
690, 319
690, 320
690, 321
690, 322
692, 264
692, 265
692, 266
692, 267
692, 268
692, 269
692, 270
692, 271
692, 272
692, 273
692, 274
692, 275
692, 276
692, 277
692, 278
692, 279
692, 280
692, 281
692, 282
692, 283
692, 284
692, 285
692, 286
692, 287
692, 288
692, 289
692, 290
692, 291
692, 292
692, 293
692, 294
692, 295
692, 296
692, 297
692, 298
692, 299
692, 300
692, 301
692, 302
692, 303
692, 304
692, 305
695, 252
695, 253
695, 254
695, 255
695, 256
695, 257
695, 258
695, 259
695, 260
695, 261
695, 262
695, 263
695, 264
695, 265
695, 266
695, 267
695, 268
695, 269
695, 270
695, 271
695, 272
695, 273
695, 274
695, 275
695, 276
695, 277
695, 278
695, 279
695, 280
695, 281
695, 282
695, 283
695, 284
695, 285
695, 286
695, 287
695, 288
695, 289
695, 290
695, 291
695, 292
695, 293
695, 294
695, 295
695, 296
695, 297
695, 298
695, 299
695, 300
695, 301
695, 302
695, 303
695, 304
695, 305
695, 306
695, 307
695, 308
695, 309
695, 310
695, 311
695, 312
695, 313
695, 314
695, 315
695, 316
695, 317
695, 318
695, 319
695, 320
695, 321
695, 322
695, 323
695, 324
695, 325
695, 326
695, 327
695, 328
695, 329
695, 330
695, 331
695, 332
695, 333
695, 334
695, 335
695, 336
695, 337
695, 338
695, 339
695, 340
695, 341
695, 342
695, 343
695, 344
695, 345
695, 346
695, 347
695, 348
695, 349
695, 350
695, 351
695, 352
695, 353
695, 354
695, 355
695, 356
695, 357
695, 358
695, 359
695, 360
695, 361
695, 362
695, 363
695, 364
695, 365
695, 366
695, 367
695, 368
695, 369
695, 370
695, 371
695, 372
695, 373
695, 374
695, 375
709, 261
709, 262
709, 263
709, 264
709, 265
709, 266
709, 267
709, 268
709, 269
709, 270
709, 271
709, 272
709, 273
709, 274
709, 275
709, 276
709, 277
709, 278
709, 279
709, 280
709, 281
709, 282
709, 283
709, 284
709, 285
709, 286
709, 287
709, 288
709, 289
709, 290
709, 291
709, 292
709, 293
709, 294
709, 295
709, 296
709, 297
709, 298
709, 299
709, 300
709, 301
709, 302
709, 303
709, 304
709, 305
709, 306
709, 307
720, 260
720, 261
720, 262
720, 263
720, 264
720, 265
720, 266
720, 267
720, 268
720, 269
720, 270
720, 271
720, 272
720, 273
720, 274
720, 275
720, 276
720, 277
720, 278
720, 279
720, 280
720, 281
720, 282
720, 283
720, 284
720, 285
720, 286
720, 287
720, 288
720, 289
720, 290
720, 291
720, 292
720, 293
720, 294
720, 295
720, 296
720, 297
720, 298
720, 299
720, 300
720, 301
720, 302
720, 303
720, 304
720, 305
720, 306
720, 307