1519 495
1519 496
1519 497
1519 498
1519 499
1519 500
1519 501
1519 502
1519 503
1519 504
1519 505
1519 506
1519 507
1519 508
1519 509
1519 510
1519 511
1519 512
1519 513
1519 514
1519 515
1519 516
1519 517
1519 518
1519 519
1519 520
1519 521
1519 522
1519 523
1519 524
1501 495
1501 496
1501 497
1501 498
1501 499
1501 500
1501 501
1501 502
1501 503
1501 504
1501 505
1501 506
1501 507
1501 508
1501 509
1501 510
1501 511
1501 512
1501 513
1501 514
1501 515
1501 516
1501 517
1501 518
1501 519
1501 520
1520 495
1520 496
1520 497
1520 498
1520 499
1520 500
1520 501
1520 502
1520 503
1520 504
1520 505
1520 506
1520 507
1520 508
1520 509
1520 510
1520 511
1520 512
1520 513
1520 514
1520 515
1520 516
1520 517
1520 518
1520 519
1520 520
1520 521
1520 522
1520 523
1520 524
1520 525
1520 526
1520 527
1520 528
1520 529
1520 530
1520 531
1520 532
1520 533
1520 534
1520 535
1520 536
1520 537
1520 538
1520 539
1520 540
1520 541
1520 542
1520 543
1520 544
1520 545
1520 546
1520 547
1520 548
1520 549
1520 550
1520 551
1520 552
1520 553
1520 554
1520 555
1520 556
1520 557
1520 558
1520 559
1520 560
1520 561
1520 562
1520 563
1520 564
1520 565
1520 566
1520 567
1520 568
1520 569
1520 570
1520 571
1520 572
1520 573
1520 574
1520 575
1520 576
1520 577
1520 578
1520 579
1520 580
1520 581
1520 582
1520 583
1520 584
1520 585
1520 586
1520 587
1520 588
1520 589
1520 590
1520 591
1520 592
1520 593
1520 594
1520 595
1520 596
1520 597
1520 598
1520 599
1520 600
1520 601
1531 495
1531 496
1531 497
1531 498
1531 499
1531 500
1531 501
1531 502
1531 503
1531 504
1531 505
1531 506
1531 507
1531 508
1531 509
1531 510
1531 511
1531 512
1531 513
1531 514
1531 515
1531 516
1531 517
1531 518
1531 519
1531 520
1531 521
1531 522
1531 523
1531 524
1531 525
1532 495
1532 496
1532 497
1532 498
1532 499
1532 500
1532 501
1532 502
1532 503
1532 504
1532 505
1532 506
1532 507
1532 508
1532 509
1532 510
1532 511
1532 512
1532 513
1532 514
1532 515
1532 516
1532 517
1532 518
1532 519
1532 520
1532 521
1532 522
1532 523
1532 524
1532 525
1532 526
1532 527
1532 528
1532 529
1532 530
1532 531
1532 532
1532 533
1532 534
1532 535
1532 536
1532 537
1532 538
1532 539
1532 540
1532 541
1532 542
1532 543
1532 544
1532 545
1532 546
1532 547
1532 548
1532 549
1532 550
1532 551
1532 552
1532 553
1532 554
1532 555
1532 556
1532 557
1532 558
1532 559
1532 560
1532 561
1532 562
1532 563
1532 564
1532 565
1532 566
1532 567
1532 568
1532 569
1532 570
1532 571
1532 572
1532 573
1532 574
1532 575
1532 576
1532 577
1532 578
1532 579
1532 580
1532 581
1532 582
1532 583
1532 584
1532 585
1532 586
1532 587
1532 588
1532 589
1532 590
1532 591
1532 592
1532 593
1532 594
1541 495
1541 496
1541 497
1541 498
1541 499
1541 500
1541 501
1541 502
1541 503
1541 504
1541 505
1541 506
1541 507
1541 508
1541 509
1541 510
1541 511
1541 512
1541 513
1541 514
1541 515